lotID,SN,tempC,If,wavelength,power
P11032-3,71638_20-22-29-95,50,0.2,1527,-120
P11032-3,71638_20-22-29-95,50,0.2,1527.02,-77.9833
P11032-3,71638_20-22-29-95,50,0.2,1527.04,-120
P11032-3,71638_20-22-29-95,50,0.2,1527.06,-120
P11032-3,71638_20-22-29-95,50,0.2,1527.08,-120
P11032-3,71638_20-22-29-95,50,0.2,1527.1,-120
P11032-3,71638_20-22-29-95,50,0.2,1527.12,-80.59882
P11032-3,71638_20-22-29-95,50,0.2,1527.14,-81.02483
P11032-3,71638_20-22-29-95,50,0.2,1527.16,-82.03564
P11032-3,71638_20-22-29-95,50,0.2,1527.18,-120
P11032-3,71638_20-22-29-95,50,0.2,1527.2,-87.44245
P11032-3,71638_20-22-29-95,50,0.2,1527.22,-120
P11032-3,71638_20-22-29-95,50,0.2,1527.24,-120
P11032-3,71638_20-22-29-95,50,0.2,1527.26,-83.70998
P11032-3,71638_20-22-29-95,50,0.2,1527.28,-120
P11032-3,71638_20-22-29-95,50,0.2,1527.3,-77.18058
P11032-3,71638_20-22-29-95,50,0.2,1527.32,-75.8956
P11032-3,71638_20-22-29-95,50,0.2,1527.34,-87.64219
P11032-3,71638_20-22-29-95,50,0.2,1527.36,-120
P11032-3,71638_20-22-29-95,50,0.2,1527.38,-79.18653
P11032-3,71638_20-22-29-95,50,0.2,1527.4,-120
P11032-3,71638_20-22-29-95,50,0.2,1527.42,-86.46661
P11032-3,71638_20-22-29-95,50,0.2,1527.44,-77.32828
P11032-3,71638_20-22-29-95,50,0.2,1527.46,-120
P11032-3,71638_20-22-29-95,50,0.2,1527.48,-78.05763
P11032-3,71638_20-22-29-95,50,0.2,1527.5,-120
P11032-3,71638_20-22-29-95,50,0.2,1527.52,-85.92099
P11032-3,71638_20-22-29-95,50,0.2,1527.54,-83.36676
P11032-3,71638_20-22-29-95,50,0.2,1527.56,-86.9897
P11032-3,71638_20-22-29-95,50,0.2,1527.58,-80.08508
P11032-3,71638_20-22-29-95,50,0.2,1527.6,-78.41939
P11032-3,71638_20-22-29-95,50,0.2,1527.62,-120
P11032-3,71638_20-22-29-95,50,0.2,1527.64,-79.82132
P11032-3,71638_20-22-29-95,50,0.2,1527.66,-82.43288
P11032-3,71638_20-22-29-95,50,0.2,1527.68,-120
P11032-3,71638_20-22-29-95,50,0.2,1527.7,-84.79647
P11032-3,71638_20-22-29-95,50,0.2,1527.72,-76.6615
P11032-3,71638_20-22-29-95,50,0.2,1527.74,-120
P11032-3,71638_20-22-29-95,50,0.2,1527.76,-120
P11032-3,71638_20-22-29-95,50,0.2,1527.78,-83.52324
P11032-3,71638_20-22-29-95,50,0.2,1527.8,-120
P11032-3,71638_20-22-29-95,50,0.2,1527.82,-120
P11032-3,71638_20-22-29-95,50,0.2,1527.84,-80.81236
P11032-3,71638_20-22-29-95,50,0.2,1527.86,-78.03271
P11032-3,71638_20-22-29-95,50,0.2,1527.88,-120
P11032-3,71638_20-22-29-95,50,0.2,1527.9,-120
P11032-3,71638_20-22-29-95,50,0.2,1527.92,-79.42334
P11032-3,71638_20-22-29-95,50,0.2,1527.94,-120
P11032-3,71638_20-22-29-95,50,0.2,1527.96,-80.10061
P11032-3,71638_20-22-29-95,50,0.2,1527.98,-120
P11032-3,71638_20-22-29-95,50,0.2,1528,-75.32836
P11032-3,71638_20-22-29-95,50,0.2,1528.02,-120
P11032-3,71638_20-22-29-95,50,0.2,1528.04,-81.61718
P11032-3,71638_20-22-29-95,50,0.2,1528.06,-120
P11032-3,71638_20-22-29-95,50,0.2,1528.08,-120
P11032-3,71638_20-22-29-95,50,0.2,1528.1,-120
P11032-3,71638_20-22-29-95,50,0.2,1528.12,-82.28119
P11032-3,71638_20-22-29-95,50,0.2,1528.14,-120
P11032-3,71638_20-22-29-95,50,0.2,1528.16,-120
P11032-3,71638_20-22-29-95,50,0.2,1528.18,-79.0309
P11032-3,71638_20-22-29-95,50,0.2,1528.2,-81.99971
P11032-3,71638_20-22-29-95,50,0.2,1528.22,-120
P11032-3,71638_20-22-29-95,50,0.2,1528.24,-81.99214
P11032-3,71638_20-22-29-95,50,0.2,1528.26,-120
P11032-3,71638_20-22-29-95,50,0.2,1528.28,-78.02444
P11032-3,71638_20-22-29-95,50,0.2,1528.3,-77.78847
P11032-3,71638_20-22-29-95,50,0.2,1528.32,-83.59618
P11032-3,71638_20-22-29-95,50,0.2,1528.34,-120
P11032-3,71638_20-22-29-95,50,0.2,1528.36,-120
P11032-3,71638_20-22-29-95,50,0.2,1528.38,-120
P11032-3,71638_20-22-29-95,50,0.2,1528.4,-120
P11032-3,71638_20-22-29-95,50,0.2,1528.42,-81.34067
P11032-3,71638_20-22-29-95,50,0.2,1528.44,-76.80894
P11032-3,71638_20-22-29-95,50,0.2,1528.46,-86.79646
P11032-3,71638_20-22-29-95,50,0.2,1528.48,-120
P11032-3,71638_20-22-29-95,50,0.2,1528.5,-120
P11032-3,71638_20-22-29-95,50,0.2,1528.52,-120
P11032-3,71638_20-22-29-95,50,0.2,1528.54,-120
P11032-3,71638_20-22-29-95,50,0.2,1528.56,-120
P11032-3,71638_20-22-29-95,50,0.2,1528.58,-120
P11032-3,71638_20-22-29-95,50,0.2,1528.6,-120
P11032-3,71638_20-22-29-95,50,0.2,1528.62,-83.88277
P11032-3,71638_20-22-29-95,50,0.2,1528.64,-120
P11032-3,71638_20-22-29-95,50,0.2,1528.66,-120
P11032-3,71638_20-22-29-95,50,0.2,1528.68,-120
P11032-3,71638_20-22-29-95,50,0.2,1528.7,-82.6544
P11032-3,71638_20-22-29-95,50,0.2,1528.72,-120
P11032-3,71638_20-22-29-95,50,0.2,1528.74,-81.13284
P11032-3,71638_20-22-29-95,50,0.2,1528.76,-80.79251
P11032-3,71638_20-22-29-95,50,0.2,1528.78,-120
P11032-3,71638_20-22-29-95,50,0.2,1528.8,-84.51979
P11032-3,71638_20-22-29-95,50,0.2,1528.82,-86.44932
P11032-3,71638_20-22-29-95,50,0.2,1528.84,-84.04614
P11032-3,71638_20-22-29-95,50,0.2,1528.86,-76.76542
P11032-3,71638_20-22-29-95,50,0.2,1528.88,-120
P11032-3,71638_20-22-29-95,50,0.2,1528.9,-78.54182
P11032-3,71638_20-22-29-95,50,0.2,1528.92,-77.74949
P11032-3,71638_20-22-29-95,50,0.2,1528.94,-120
P11032-3,71638_20-22-29-95,50,0.2,1528.96,-120
P11032-3,71638_20-22-29-95,50,0.2,1528.98,-80.86557
P11032-3,71638_20-22-29-95,50,0.2,1529,-81.48008
P11032-3,71638_20-22-29-95,50,0.2,1529.02,-120
P11032-3,71638_20-22-29-95,50,0.2,1529.04,-120
P11032-3,71638_20-22-29-95,50,0.2,1529.06,-77.6045
P11032-3,71638_20-22-29-95,50,0.2,1529.08,-77.02239
P11032-3,71638_20-22-29-95,50,0.2,1529.1,-120
P11032-3,71638_20-22-29-95,50,0.2,1529.12,-76.71213
P11032-3,71638_20-22-29-95,50,0.2,1529.14,-79.17215
P11032-3,71638_20-22-29-95,50,0.2,1529.16,-120
P11032-3,71638_20-22-29-95,50,0.2,1529.18,-79.36667
P11032-3,71638_20-22-29-95,50,0.2,1529.2,-120
P11032-3,71638_20-22-29-95,50,0.2,1529.22,-80.79407
P11032-3,71638_20-22-29-95,50,0.2,1529.24,-77.94796
P11032-3,71638_20-22-29-95,50,0.2,1529.26,-120
P11032-3,71638_20-22-29-95,50,0.2,1529.28,-81.26156
P11032-3,71638_20-22-29-95,50,0.2,1529.3,-120
P11032-3,71638_20-22-29-95,50,0.2,1529.32,-84.71984
P11032-3,71638_20-22-29-95,50,0.2,1529.34,-79.6457
P11032-3,71638_20-22-29-95,50,0.2,1529.36,-94.57175
P11032-3,71638_20-22-29-95,50,0.2,1529.38,-87.24919
P11032-3,71638_20-22-29-95,50,0.2,1529.4,-120
P11032-3,71638_20-22-29-95,50,0.2,1529.42,-120
P11032-3,71638_20-22-29-95,50,0.2,1529.44,-120
P11032-3,71638_20-22-29-95,50,0.2,1529.46,-120
P11032-3,71638_20-22-29-95,50,0.2,1529.48,-76.72437
P11032-3,71638_20-22-29-95,50,0.2,1529.5,-84.78078
P11032-3,71638_20-22-29-95,50,0.2,1529.52,-120
P11032-3,71638_20-22-29-95,50,0.2,1529.54,-120
P11032-3,71638_20-22-29-95,50,0.2,1529.56,-120
P11032-3,71638_20-22-29-95,50,0.2,1529.58,-74.364
P11032-3,71638_20-22-29-95,50,0.2,1529.6,-120
P11032-3,71638_20-22-29-95,50,0.2,1529.62,-81.14808
P11032-3,71638_20-22-29-95,50,0.2,1529.64,-120
P11032-3,71638_20-22-29-95,50,0.2,1529.66,-78.94149
P11032-3,71638_20-22-29-95,50,0.2,1529.68,-120
P11032-3,71638_20-22-29-95,50,0.2,1529.7,-120
P11032-3,71638_20-22-29-95,50,0.2,1529.72,-120
P11032-3,71638_20-22-29-95,50,0.2,1529.74,-81.84622
P11032-3,71638_20-22-29-95,50,0.2,1529.76,-84.85718
P11032-3,71638_20-22-29-95,50,0.2,1529.78,-120
P11032-3,71638_20-22-29-95,50,0.2,1529.8,-81.97158
P11032-3,71638_20-22-29-95,50,0.2,1529.82,-120
P11032-3,71638_20-22-29-95,50,0.2,1529.84,-78.20161
P11032-3,71638_20-22-29-95,50,0.2,1529.86,-77.09965
P11032-3,71638_20-22-29-95,50,0.2,1529.88,-120
P11032-3,71638_20-22-29-95,50,0.2,1529.9,-120
P11032-3,71638_20-22-29-95,50,0.2,1529.92,-77.56714
P11032-3,71638_20-22-29-95,50,0.2,1529.94,-82.50032
P11032-3,71638_20-22-29-95,50,0.2,1529.96,-120
P11032-3,71638_20-22-29-95,50,0.2,1529.98,-77.94525
P11032-3,71638_20-22-29-95,50,0.2,1530,-77.6853
P11032-3,71638_20-22-29-95,50,0.2,1530.02,-81.91992
P11032-3,71638_20-22-29-95,50,0.2,1530.04,-85.48521
P11032-3,71638_20-22-29-95,50,0.2,1530.06,-83.0557
P11032-3,71638_20-22-29-95,50,0.2,1530.08,-120
P11032-3,71638_20-22-29-95,50,0.2,1530.1,-79.52336
P11032-3,71638_20-22-29-95,50,0.2,1530.12,-80.37962
P11032-3,71638_20-22-29-95,50,0.2,1530.14,-120
P11032-3,71638_20-22-29-95,50,0.2,1530.16,-77.70574
P11032-3,71638_20-22-29-95,50,0.2,1530.18,-87.55228
P11032-3,71638_20-22-29-95,50,0.2,1530.2,-120
P11032-3,71638_20-22-29-95,50,0.2,1530.22,-120
P11032-3,71638_20-22-29-95,50,0.2,1530.24,-76.86344
P11032-3,71638_20-22-29-95,50,0.2,1530.26,-84.32974
P11032-3,71638_20-22-29-95,50,0.2,1530.28,-82.86593
P11032-3,71638_20-22-29-95,50,0.2,1530.3,-120
P11032-3,71638_20-22-29-95,50,0.2,1530.32,-120
P11032-3,71638_20-22-29-95,50,0.2,1530.34,-78.53872
P11032-3,71638_20-22-29-95,50,0.2,1530.36,-81.72825
P11032-3,71638_20-22-29-95,50,0.2,1530.38,-120
P11032-3,71638_20-22-29-95,50,0.2,1530.4,-120
P11032-3,71638_20-22-29-95,50,0.2,1530.42,-120
P11032-3,71638_20-22-29-95,50,0.2,1530.44,-77.53009
P11032-3,71638_20-22-29-95,50,0.2,1530.46,-77.19194
P11032-3,71638_20-22-29-95,50,0.2,1530.48,-120
P11032-3,71638_20-22-29-95,50,0.2,1530.5,-76.8529
P11032-3,71638_20-22-29-95,50,0.2,1530.52,-120
P11032-3,71638_20-22-29-95,50,0.2,1530.54,-80.08198
P11032-3,71638_20-22-29-95,50,0.2,1530.56,-79.94819
P11032-3,71638_20-22-29-95,50,0.2,1530.58,-81.59768
P11032-3,71638_20-22-29-95,50,0.2,1530.6,-120
P11032-3,71638_20-22-29-95,50,0.2,1530.62,-120
P11032-3,71638_20-22-29-95,50,0.2,1530.64,-87.51536
P11032-3,71638_20-22-29-95,50,0.2,1530.66,-81.25576
P11032-3,71638_20-22-29-95,50,0.2,1530.68,-120
P11032-3,71638_20-22-29-95,50,0.2,1530.7,-120
P11032-3,71638_20-22-29-95,50,0.2,1530.72,-81.67427
P11032-3,71638_20-22-29-95,50,0.2,1530.74,-80.14035
P11032-3,71638_20-22-29-95,50,0.2,1530.76,-120
P11032-3,71638_20-22-29-95,50,0.2,1530.78,-80.4774
P11032-3,71638_20-22-29-95,50,0.2,1530.8,-78.64549
P11032-3,71638_20-22-29-95,50,0.2,1530.82,-83.7924
P11032-3,71638_20-22-29-95,50,0.2,1530.84,-78.45576
P11032-3,71638_20-22-29-95,50,0.2,1530.86,-80.66361
P11032-3,71638_20-22-29-95,50,0.2,1530.88,-84.57175
P11032-3,71638_20-22-29-95,50,0.2,1530.9,-81.78355
P11032-3,71638_20-22-29-95,50,0.2,1530.92,-81.73083
P11032-3,71638_20-22-29-95,50,0.2,1530.94,-78.62013
P11032-3,71638_20-22-29-95,50,0.2,1530.96,-120
P11032-3,71638_20-22-29-95,50,0.2,1530.98,-83.54087
P11032-3,71638_20-22-29-95,50,0.2,1531,-81.76787
P11032-3,71638_20-22-29-95,50,0.2,1531.02,-80.24201
P11032-3,71638_20-22-29-95,50,0.2,1531.04,-79.20819
P11032-3,71638_20-22-29-95,50,0.2,1531.06,-81.27203
P11032-3,71638_20-22-29-95,50,0.2,1531.08,-80.26872
P11032-3,71638_20-22-29-95,50,0.2,1531.1,-120
P11032-3,71638_20-22-29-95,50,0.2,1531.12,-79.79225
P11032-3,71638_20-22-29-95,50,0.2,1531.14,-82.78107
P11032-3,71638_20-22-29-95,50,0.2,1531.16,-82.69541
P11032-3,71638_20-22-29-95,50,0.2,1531.18,-120
P11032-3,71638_20-22-29-95,50,0.2,1531.2,-85.70732
P11032-3,71638_20-22-29-95,50,0.2,1531.22,-120
P11032-3,71638_20-22-29-95,50,0.2,1531.24,-81.46302
P11032-3,71638_20-22-29-95,50,0.2,1531.26,-120
P11032-3,71638_20-22-29-95,50,0.2,1531.28,-76.40354
P11032-3,71638_20-22-29-95,50,0.2,1531.3,-109.3256
P11032-3,71638_20-22-29-95,50,0.2,1531.32,-78.37137
P11032-3,71638_20-22-29-95,50,0.2,1531.34,-120
P11032-3,71638_20-22-29-95,50,0.2,1531.36,-120
P11032-3,71638_20-22-29-95,50,0.2,1531.38,-83.89127
P11032-3,71638_20-22-29-95,50,0.2,1531.4,-87.5597
P11032-3,71638_20-22-29-95,50,0.2,1531.42,-120
P11032-3,71638_20-22-29-95,50,0.2,1531.44,-80.25534
P11032-3,71638_20-22-29-95,50,0.2,1531.46,-120
P11032-3,71638_20-22-29-95,50,0.2,1531.48,-120
P11032-3,71638_20-22-29-95,50,0.2,1531.5,-120
P11032-3,71638_20-22-29-95,50,0.2,1531.52,-120
P11032-3,71638_20-22-29-95,50,0.2,1531.54,-83.34231
P11032-3,71638_20-22-29-95,50,0.2,1531.56,-84.33209
P11032-3,71638_20-22-29-95,50,0.2,1531.58,-80.98923
P11032-3,71638_20-22-29-95,50,0.2,1531.6,-120
P11032-3,71638_20-22-29-95,50,0.2,1531.62,-120
P11032-3,71638_20-22-29-95,50,0.2,1531.64,-78.20161
P11032-3,71638_20-22-29-95,50,0.2,1531.66,-120
P11032-3,71638_20-22-29-95,50,0.2,1531.68,-120
P11032-3,71638_20-22-29-95,50,0.2,1531.7,-88.74844
P11032-3,71638_20-22-29-95,50,0.2,1531.72,-84.3735
P11032-3,71638_20-22-29-95,50,0.2,1531.74,-120
P11032-3,71638_20-22-29-95,50,0.2,1531.76,-120
P11032-3,71638_20-22-29-95,50,0.2,1531.78,-120
P11032-3,71638_20-22-29-95,50,0.2,1531.8,-78.32978
P11032-3,71638_20-22-29-95,50,0.2,1531.82,-84.53951
P11032-3,71638_20-22-29-95,50,0.2,1531.84,-81.99489
P11032-3,71638_20-22-29-95,50,0.2,1531.86,-78.07433
P11032-3,71638_20-22-29-95,50,0.2,1531.88,-120
P11032-3,71638_20-22-29-95,50,0.2,1531.9,-120
P11032-3,71638_20-22-29-95,50,0.2,1531.92,-120
P11032-3,71638_20-22-29-95,50,0.2,1531.94,-120
P11032-3,71638_20-22-29-95,50,0.2,1531.96,-78.90421
P11032-3,71638_20-22-29-95,50,0.2,1531.98,-120
P11032-3,71638_20-22-29-95,50,0.2,1532,-86.88246
P11032-3,71638_20-22-29-95,50,0.2,1532.02,-90.11976
P11032-3,71638_20-22-29-95,50,0.2,1532.04,-92.49414
P11032-3,71638_20-22-29-95,50,0.2,1532.06,-79.42334
P11032-3,71638_20-22-29-95,50,0.2,1532.08,-120
P11032-3,71638_20-22-29-95,50,0.2,1532.1,-83.16863
P11032-3,71638_20-22-29-95,50,0.2,1532.12,-120
P11032-3,71638_20-22-29-95,50,0.2,1532.14,-120
P11032-3,71638_20-22-29-95,50,0.2,1532.16,-120
P11032-3,71638_20-22-29-95,50,0.2,1532.18,-120
P11032-3,71638_20-22-29-95,50,0.2,1532.2,-77.96152
P11032-3,71638_20-22-29-95,50,0.2,1532.22,-120
P11032-3,71638_20-22-29-95,50,0.2,1532.24,-81.51011
P11032-3,71638_20-22-29-95,50,0.2,1532.26,-120
P11032-3,71638_20-22-29-95,50,0.2,1532.28,-82.43668
P11032-3,71638_20-22-29-95,50,0.2,1532.3,-120
P11032-3,71638_20-22-29-95,50,0.2,1532.32,-120
P11032-3,71638_20-22-29-95,50,0.2,1532.34,-81.80522
P11032-3,71638_20-22-29-95,50,0.2,1532.36,-120
P11032-3,71638_20-22-29-95,50,0.2,1532.38,-90.27103
P11032-3,71638_20-22-29-95,50,0.2,1532.4,-83.20663
P11032-3,71638_20-22-29-95,50,0.2,1532.42,-120
P11032-3,71638_20-22-29-95,50,0.2,1532.44,-78.45272
P11032-3,71638_20-22-29-95,50,0.2,1532.46,-120
P11032-3,71638_20-22-29-95,50,0.2,1532.48,-120
P11032-3,71638_20-22-29-95,50,0.2,1532.5,-120
P11032-3,71638_20-22-29-95,50,0.2,1532.52,-75.157
P11032-3,71638_20-22-29-95,50,0.2,1532.54,-84.31916
P11032-3,71638_20-22-29-95,50,0.2,1532.56,-84.1184
P11032-3,71638_20-22-29-95,50,0.2,1532.58,-120
P11032-3,71638_20-22-29-95,50,0.2,1532.6,-79.73058
P11032-3,71638_20-22-29-95,50,0.2,1532.62,-120
P11032-3,71638_20-22-29-95,50,0.2,1532.64,-96.75101
P11032-3,71638_20-22-29-95,50,0.2,1532.66,-120
P11032-3,71638_20-22-29-95,50,0.2,1532.68,-82.30401
P11032-3,71638_20-22-29-95,50,0.2,1532.7,-78.89074
P11032-3,71638_20-22-29-95,50,0.2,1532.72,-120
P11032-3,71638_20-22-29-95,50,0.2,1532.74,-120
P11032-3,71638_20-22-29-95,50,0.2,1532.76,-78.00794
P11032-3,71638_20-22-29-95,50,0.2,1532.78,-78.75496
P11032-3,71638_20-22-29-95,50,0.2,1532.8,-120
P11032-3,71638_20-22-29-95,50,0.2,1532.82,-120
P11032-3,71638_20-22-29-95,50,0.2,1532.84,-120
P11032-3,71638_20-22-29-95,50,0.2,1532.86,-120
P11032-3,71638_20-22-29-95,50,0.2,1532.88,-83.01465
P11032-3,71638_20-22-29-95,50,0.2,1532.9,-84.46967
P11032-3,71638_20-22-29-95,50,0.2,1532.92,-120
P11032-3,71638_20-22-29-95,50,0.2,1532.94,-120
P11032-3,71638_20-22-29-95,50,0.2,1532.96,-76.89094
P11032-3,71638_20-22-29-95,50,0.2,1532.98,-85.21578
P11032-3,71638_20-22-29-95,50,0.2,1533,-120
P11032-3,71638_20-22-29-95,50,0.2,1533.02,-76.17443
P11032-3,71638_20-22-29-95,50,0.2,1533.04,-120
P11032-3,71638_20-22-29-95,50,0.2,1533.06,-120
P11032-3,71638_20-22-29-95,50,0.2,1533.08,-78.52942
P11032-3,71638_20-22-29-95,50,0.2,1533.1,-120
P11032-3,71638_20-22-29-95,50,0.2,1533.12,-120
P11032-3,71638_20-22-29-95,50,0.2,1533.14,-80.09306
P11032-3,71638_20-22-29-95,50,0.2,1533.16,-120
P11032-3,71638_20-22-29-95,50,0.2,1533.18,-79.00665
P11032-3,71638_20-22-29-95,50,0.2,1533.2,-87.39452
P11032-3,71638_20-22-29-95,50,0.2,1533.22,-120
P11032-3,71638_20-22-29-95,50,0.2,1533.24,-120
P11032-3,71638_20-22-29-95,50,0.2,1533.26,-120
P11032-3,71638_20-22-29-95,50,0.2,1533.28,-75.94995
P11032-3,71638_20-22-29-95,50,0.2,1533.3,-120
P11032-3,71638_20-22-29-95,50,0.2,1533.32,-83.36865
P11032-3,71638_20-22-29-95,50,0.2,1533.34,-120
P11032-3,71638_20-22-29-95,50,0.2,1533.36,-75.84026
P11032-3,71638_20-22-29-95,50,0.2,1533.38,-85.47141
P11032-3,71638_20-22-29-95,50,0.2,1533.4,-120
P11032-3,71638_20-22-29-95,50,0.2,1533.42,-87.95609
P11032-3,71638_20-22-29-95,50,0.2,1533.44,-82.87519
P11032-3,71638_20-22-29-95,50,0.2,1533.46,-120
P11032-3,71638_20-22-29-95,50,0.2,1533.48,-88.99974
P11032-3,71638_20-22-29-95,50,0.2,1533.5,-84.56304
P11032-3,71638_20-22-29-95,50,0.2,1533.52,-89.70211
P11032-3,71638_20-22-29-95,50,0.2,1533.54,-79.73058
P11032-3,71638_20-22-29-95,50,0.2,1533.56,-81.08797
P11032-3,71638_20-22-29-95,50,0.2,1533.58,-120
P11032-3,71638_20-22-29-95,50,0.2,1533.6,-120
P11032-3,71638_20-22-29-95,50,0.2,1533.62,-78.77784
P11032-3,71638_20-22-29-95,50,0.2,1533.64,-79.43095
P11032-3,71638_20-22-29-95,50,0.2,1533.66,-120
P11032-3,71638_20-22-29-95,50,0.2,1533.68,-120
P11032-3,71638_20-22-29-95,50,0.2,1533.7,-85.55799
P11032-3,71638_20-22-29-95,50,0.2,1533.72,-85.30767
P11032-3,71638_20-22-29-95,50,0.2,1533.74,-78.62963
P11032-3,71638_20-22-29-95,50,0.2,1533.76,-82.06769
P11032-3,71638_20-22-29-95,50,0.2,1533.78,-120
P11032-3,71638_20-22-29-95,50,0.2,1533.8,-120
P11032-3,71638_20-22-29-95,50,0.2,1533.82,-120
P11032-3,71638_20-22-29-95,50,0.2,1533.84,-90.25488
P11032-3,71638_20-22-29-95,50,0.2,1533.86,-120
P11032-3,71638_20-22-29-95,50,0.2,1533.88,-80.78574
P11032-3,71638_20-22-29-95,50,0.2,1533.9,-76.16005
P11032-3,71638_20-22-29-95,50,0.2,1533.92,-84.34506
P11032-3,71638_20-22-29-95,50,0.2,1533.94,-120
P11032-3,71638_20-22-29-95,50,0.2,1533.96,-120
P11032-3,71638_20-22-29-95,50,0.2,1533.98,-81.24302
P11032-3,71638_20-22-29-95,50,0.2,1534,-120
P11032-3,71638_20-22-29-95,50,0.2,1534.02,-120
P11032-3,71638_20-22-29-95,50,0.2,1534.04,-79.29962
P11032-3,71638_20-22-29-95,50,0.2,1534.06,-120
P11032-3,71638_20-22-29-95,50,0.2,1534.08,-120
P11032-3,71638_20-22-29-95,50,0.2,1534.1,-120
P11032-3,71638_20-22-29-95,50,0.2,1534.12,-80.13945
P11032-3,71638_20-22-29-95,50,0.2,1534.14,-120
P11032-3,71638_20-22-29-95,50,0.2,1534.16,-86.49171
P11032-3,71638_20-22-29-95,50,0.2,1534.18,-76.40165
P11032-3,71638_20-22-29-95,50,0.2,1534.2,-120
P11032-3,71638_20-22-29-95,50,0.2,1534.22,-81.31179
P11032-3,71638_20-22-29-95,50,0.2,1534.24,-82.84331
P11032-3,71638_20-22-29-95,50,0.2,1534.26,-77.01365
P11032-3,71638_20-22-29-95,50,0.2,1534.28,-77.35891
P11032-3,71638_20-22-29-95,50,0.2,1534.3,-81.37094
P11032-3,71638_20-22-29-95,50,0.2,1534.32,-120
P11032-3,71638_20-22-29-95,50,0.2,1534.34,-120
P11032-3,71638_20-22-29-95,50,0.2,1534.36,-85.09199
P11032-3,71638_20-22-29-95,50,0.2,1534.38,-120
P11032-3,71638_20-22-29-95,50,0.2,1534.4,-120
P11032-3,71638_20-22-29-95,50,0.2,1534.42,-120
P11032-3,71638_20-22-29-95,50,0.2,1534.44,-120
P11032-3,71638_20-22-29-95,50,0.2,1534.46,-81.89767
P11032-3,71638_20-22-29-95,50,0.2,1534.48,-80.92535
P11032-3,71638_20-22-29-95,50,0.2,1534.5,-81.83494
P11032-3,71638_20-22-29-95,50,0.2,1534.52,-120
P11032-3,71638_20-22-29-95,50,0.2,1534.54,-77.61703
P11032-3,71638_20-22-29-95,50,0.2,1534.56,-80.06343
P11032-3,71638_20-22-29-95,50,0.2,1534.58,-80.75721
P11032-3,71638_20-22-29-95,50,0.2,1534.6,-120
P11032-3,71638_20-22-29-95,50,0.2,1534.62,-78.28274
P11032-3,71638_20-22-29-95,50,0.2,1534.64,-77.43282
P11032-3,71638_20-22-29-95,50,0.2,1534.66,-77.86748
P11032-3,71638_20-22-29-95,50,0.2,1534.68,-79.90549
P11032-3,71638_20-22-29-95,50,0.2,1534.7,-83.34794
P11032-3,71638_20-22-29-95,50,0.2,1534.72,-120
P11032-3,71638_20-22-29-95,50,0.2,1534.74,-120
P11032-3,71638_20-22-29-95,50,0.2,1534.76,-120
P11032-3,71638_20-22-29-95,50,0.2,1534.78,-120
P11032-3,71638_20-22-29-95,50,0.2,1534.8,-120
P11032-3,71638_20-22-29-95,50,0.2,1534.82,-120
P11032-3,71638_20-22-29-95,50,0.2,1534.84,-85.867
P11032-3,71638_20-22-29-95,50,0.2,1534.86,-120
P11032-3,71638_20-22-29-95,50,0.2,1534.88,-120
P11032-3,71638_20-22-29-95,50,0.2,1534.9,-87.90485
P11032-3,71638_20-22-29-95,50,0.2,1534.92,-88.13326
P11032-3,71638_20-22-29-95,50,0.2,1534.94,-120
P11032-3,71638_20-22-29-95,50,0.2,1534.96,-120
P11032-3,71638_20-22-29-95,50,0.2,1534.98,-81.65007
P11032-3,71638_20-22-29-95,50,0.2,1535,-120
P11032-3,71638_20-22-29-95,50,0.2,1535.02,-120
P11032-3,71638_20-22-29-95,50,0.2,1535.04,-120
P11032-3,71638_20-22-29-95,50,0.2,1535.06,-92.93112
P11032-3,71638_20-22-29-95,50,0.2,1535.08,-120
P11032-3,71638_20-22-29-95,50,0.2,1535.1,-79.98699
P11032-3,71638_20-22-29-95,50,0.2,1535.12,-77.80677
P11032-3,71638_20-22-29-95,50,0.2,1535.14,-81.28602
P11032-3,71638_20-22-29-95,50,0.2,1535.16,-77.35418
P11032-3,71638_20-22-29-95,50,0.2,1535.18,-120
P11032-3,71638_20-22-29-95,50,0.2,1535.2,-120
P11032-3,71638_20-22-29-95,50,0.2,1535.22,-78.44057
P11032-3,71638_20-22-29-95,50,0.2,1535.24,-75.7741
P11032-3,71638_20-22-29-95,50,0.2,1535.26,-120
P11032-3,71638_20-22-29-95,50,0.2,1535.28,-120
P11032-3,71638_20-22-29-95,50,0.2,1535.3,-120
P11032-3,71638_20-22-29-95,50,0.2,1535.32,-79.16139
P11032-3,71638_20-22-29-95,50,0.2,1535.34,-78.99974
P11032-3,71638_20-22-29-95,50,0.2,1535.36,-120
P11032-3,71638_20-22-29-95,50,0.2,1535.38,-83.73865
P11032-3,71638_20-22-29-95,50,0.2,1535.4,-120
P11032-3,71638_20-22-29-95,50,0.2,1535.42,-120
P11032-3,71638_20-22-29-95,50,0.2,1535.44,-120
P11032-3,71638_20-22-29-95,50,0.2,1535.46,-120
P11032-3,71638_20-22-29-95,50,0.2,1535.48,-75.30767
P11032-3,71638_20-22-29-95,50,0.2,1535.5,-79.95249
P11032-3,71638_20-22-29-95,50,0.2,1535.52,-89.77159
P11032-3,71638_20-22-29-95,50,0.2,1535.54,-120
P11032-3,71638_20-22-29-95,50,0.2,1535.56,-89.18293
P11032-3,71638_20-22-29-95,50,0.2,1535.58,-120
P11032-3,71638_20-22-29-95,50,0.2,1535.6,-85.51912
P11032-3,71638_20-22-29-95,50,0.2,1535.62,-80.59633
P11032-3,71638_20-22-29-95,50,0.2,1535.64,-120
P11032-3,71638_20-22-29-95,50,0.2,1535.66,-120
P11032-3,71638_20-22-29-95,50,0.2,1535.68,-75.8054
P11032-3,71638_20-22-29-95,50,0.2,1535.7,-120
P11032-3,71638_20-22-29-95,50,0.2,1535.72,-120
P11032-3,71638_20-22-29-95,50,0.2,1535.74,-78.51706
P11032-3,71638_20-22-29-95,50,0.2,1535.76,-120
P11032-3,71638_20-22-29-95,50,0.2,1535.78,-120
P11032-3,71638_20-22-29-95,50,0.2,1535.8,-120
P11032-3,71638_20-22-29-95,50,0.2,1535.82,-78.6742
P11032-3,71638_20-22-29-95,50,0.2,1535.84,-120
P11032-3,71638_20-22-29-95,50,0.2,1535.86,-120
P11032-3,71638_20-22-29-95,50,0.2,1535.88,-120
P11032-3,71638_20-22-29-95,50,0.2,1535.9,-120
P11032-3,71638_20-22-29-95,50,0.2,1535.92,-80.83546
P11032-3,71638_20-22-29-95,50,0.2,1535.94,-120
P11032-3,71638_20-22-29-95,50,0.2,1535.96,-120
P11032-3,71638_20-22-29-95,50,0.2,1535.98,-120
P11032-3,71638_20-22-29-95,50,0.2,1536,-120
P11032-3,71638_20-22-29-95,50,0.2,1536.02,-120
P11032-3,71638_20-22-29-95,50,0.2,1536.04,-82.54067
P11032-3,71638_20-22-29-95,50,0.2,1536.06,-86.49752
P11032-3,71638_20-22-29-95,50,0.2,1536.08,-81.98596
P11032-3,71638_20-22-29-95,50,0.2,1536.1,-87.86482
P11032-3,71638_20-22-29-95,50,0.2,1536.12,-120
P11032-3,71638_20-22-29-95,50,0.2,1536.14,-81.98596
P11032-3,71638_20-22-29-95,50,0.2,1536.16,-120
P11032-3,71638_20-22-29-95,50,0.2,1536.18,-80.83546
P11032-3,71638_20-22-29-95,50,0.2,1536.2,-76.69586
P11032-3,71638_20-22-29-95,50,0.2,1536.22,-120
P11032-3,71638_20-22-29-95,50,0.2,1536.24,-78.13326
P11032-3,71638_20-22-29-95,50,0.2,1536.26,-78.13326
P11032-3,71638_20-22-29-95,50,0.2,1536.28,-120
P11032-3,71638_20-22-29-95,50,0.2,1536.3,-78.19014
P11032-3,71638_20-22-29-95,50,0.2,1536.32,-82.23299
P11032-3,71638_20-22-29-95,50,0.2,1536.34,-85.42118
P11032-3,71638_20-22-29-95,50,0.2,1536.36,-78.8941
P11032-3,71638_20-22-29-95,50,0.2,1536.38,-120
P11032-3,71638_20-22-29-95,50,0.2,1536.4,-80.35882
P11032-3,71638_20-22-29-95,50,0.2,1536.42,-82.14741
P11032-3,71638_20-22-29-95,50,0.2,1536.44,-78.74844
P11032-3,71638_20-22-29-95,50,0.2,1536.46,-80.04935
P11032-3,71638_20-22-29-95,50,0.2,1536.48,-120
P11032-3,71638_20-22-29-95,50,0.2,1536.5,-78.09108
P11032-3,71638_20-22-29-95,50,0.2,1536.52,-120
P11032-3,71638_20-22-29-95,50,0.2,1536.54,-78.25359
P11032-3,71638_20-22-29-95,50,0.2,1536.56,-120
P11032-3,71638_20-22-29-95,50,0.2,1536.58,-79.2336
P11032-3,71638_20-22-29-95,50,0.2,1536.6,-120
P11032-3,71638_20-22-29-95,50,0.2,1536.62,-78.55115
P11032-3,71638_20-22-29-95,50,0.2,1536.64,-81.93006
P11032-3,71638_20-22-29-95,50,0.2,1536.66,-120
P11032-3,71638_20-22-29-95,50,0.2,1536.68,-84.60798
P11032-3,71638_20-22-29-95,50,0.2,1536.7,-80.86663
P11032-3,71638_20-22-29-95,50,0.2,1536.72,-79.73058
P11032-3,71638_20-22-29-95,50,0.2,1536.74,-120
P11032-3,71638_20-22-29-95,50,0.2,1536.76,-88.62013
P11032-3,71638_20-22-29-95,50,0.2,1536.78,-89.09389
P11032-3,71638_20-22-29-95,50,0.2,1536.8,-120
P11032-3,71638_20-22-29-95,50,0.2,1536.82,-79.90974
P11032-3,71638_20-22-29-95,50,0.2,1536.84,-120
P11032-3,71638_20-22-29-95,50,0.2,1536.86,-76.58565
P11032-3,71638_20-22-29-95,50,0.2,1536.88,-91.27203
P11032-3,71638_20-22-29-95,50,0.2,1536.9,-120
P11032-3,71638_20-22-29-95,50,0.2,1536.92,-120
P11032-3,71638_20-22-29-95,50,0.2,1536.94,-120
P11032-3,71638_20-22-29-95,50,0.2,1536.96,-120
P11032-3,71638_20-22-29-95,50,0.2,1536.98,-80.04848
P11032-3,71638_20-22-29-95,50,0.2,1537,-120
P11032-3,71638_20-22-29-95,50,0.2,1537.02,-120
P11032-3,71638_20-22-29-95,50,0.2,1537.04,-79.81716
P11032-3,71638_20-22-29-95,50,0.2,1537.06,-120
P11032-3,71638_20-22-29-95,50,0.2,1537.08,-82.21559
P11032-3,71638_20-22-29-95,50,0.2,1537.1,-78.42241
P11032-3,71638_20-22-29-95,50,0.2,1537.12,-81.09635
P11032-3,71638_20-22-29-95,50,0.2,1537.14,-120
P11032-3,71638_20-22-29-95,50,0.2,1537.16,-120
P11032-3,71638_20-22-29-95,50,0.2,1537.18,-120
P11032-3,71638_20-22-29-95,50,0.2,1537.2,-77.81727
P11032-3,71638_20-22-29-95,50,0.2,1537.22,-80.07977
P11032-3,71638_20-22-29-95,50,0.2,1537.24,-120
P11032-3,71638_20-22-29-95,50,0.2,1537.26,-78.69988
P11032-3,71638_20-22-29-95,50,0.2,1537.28,-120
P11032-3,71638_20-22-29-95,50,0.2,1537.3,-120
P11032-3,71638_20-22-29-95,50,0.2,1537.32,-120
P11032-3,71638_20-22-29-95,50,0.2,1537.34,-120
P11032-3,71638_20-22-29-95,50,0.2,1537.36,-89.73058
P11032-3,71638_20-22-29-95,50,0.2,1537.38,-120
P11032-3,71638_20-22-29-95,50,0.2,1537.4,-77.80415
P11032-3,71638_20-22-29-95,50,0.2,1537.42,-78.37137
P11032-3,71638_20-22-29-95,50,0.2,1537.44,-120
P11032-3,71638_20-22-29-95,50,0.2,1537.46,-81.37392
P11032-3,71638_20-22-29-95,50,0.2,1537.48,-120
P11032-3,71638_20-22-29-95,50,0.2,1537.5,-77.43042
P11032-3,71638_20-22-29-95,50,0.2,1537.52,-78.97223
P11032-3,71638_20-22-29-95,50,0.2,1537.54,-120
P11032-3,71638_20-22-29-95,50,0.2,1537.56,-82.94564
P11032-3,71638_20-22-29-95,50,0.2,1537.58,-80.9189
P11032-3,71638_20-22-29-95,50,0.2,1537.6,-86.30413
P11032-3,71638_20-22-29-95,50,0.2,1537.62,-78.80085
P11032-3,71638_20-22-29-95,50,0.2,1537.64,-120
P11032-3,71638_20-22-29-95,50,0.2,1537.66,-79.04482
P11032-3,71638_20-22-29-95,50,0.2,1537.68,-80.02177
P11032-3,71638_20-22-29-95,50,0.2,1537.7,-81.56082
P11032-3,71638_20-22-29-95,50,0.2,1537.72,-79.38548
P11032-3,71638_20-22-29-95,50,0.2,1537.74,-120
P11032-3,71638_20-22-29-95,50,0.2,1537.76,-120
P11032-3,71638_20-22-29-95,50,0.2,1537.78,-77.41363
P11032-3,71638_20-22-29-95,50,0.2,1537.8,-120
P11032-3,71638_20-22-29-95,50,0.2,1537.82,-80.66614
P11032-3,71638_20-22-29-95,50,0.2,1537.84,-120
P11032-3,71638_20-22-29-95,50,0.2,1537.86,-79.38171
P11032-3,71638_20-22-29-95,50,0.2,1537.88,-87.84627
P11032-3,71638_20-22-29-95,50,0.2,1537.9,-79.32185
P11032-3,71638_20-22-29-95,50,0.2,1537.92,-84.40333
P11032-3,71638_20-22-29-95,50,0.2,1537.94,-120
P11032-3,71638_20-22-29-95,50,0.2,1537.96,-120
P11032-3,71638_20-22-29-95,50,0.2,1537.98,-81.01933
P11032-3,71638_20-22-29-95,50,0.2,1538,-120
P11032-3,71638_20-22-29-95,50,0.2,1538.02,-120
P11032-3,71638_20-22-29-95,50,0.2,1538.04,-88.34162
P11032-3,71638_20-22-29-95,50,0.2,1538.06,-120
P11032-3,71638_20-22-29-95,50,0.2,1538.08,-77.63967
P11032-3,71638_20-22-29-95,50,0.2,1538.1,-86.35261
P11032-3,71638_20-22-29-95,50,0.2,1538.12,-80.19406
P11032-3,71638_20-22-29-95,50,0.2,1538.14,-87.5721
P11032-3,71638_20-22-29-95,50,0.2,1538.16,-94.80303
P11032-3,71638_20-22-29-95,50,0.2,1538.18,-80.43735
P11032-3,71638_20-22-29-95,50,0.2,1538.2,-120
P11032-3,71638_20-22-29-95,50,0.2,1538.22,-76.56001
P11032-3,71638_20-22-29-95,50,0.2,1538.24,-85.04317
P11032-3,71638_20-22-29-95,50,0.2,1538.26,-120
P11032-3,71638_20-22-29-95,50,0.2,1538.28,-81.4917
P11032-3,71638_20-22-29-95,50,0.2,1538.3,-120
P11032-3,71638_20-22-29-95,50,0.2,1538.32,-120
P11032-3,71638_20-22-29-95,50,0.2,1538.34,-120
P11032-3,71638_20-22-29-95,50,0.2,1538.36,-87.72628
P11032-3,71638_20-22-29-95,50,0.2,1538.38,-80.58737
P11032-3,71638_20-22-29-95,50,0.2,1538.4,-81.60208
P11032-3,71638_20-22-29-95,50,0.2,1538.42,-82.4703
P11032-3,71638_20-22-29-95,50,0.2,1538.44,-79.36291
P11032-3,71638_20-22-29-95,50,0.2,1538.46,-80.44264
P11032-3,71638_20-22-29-95,50,0.2,1538.48,-78.31208
P11032-3,71638_20-22-29-95,50,0.2,1538.5,-120
P11032-3,71638_20-22-29-95,50,0.2,1538.52,-82.54379
P11032-3,71638_20-22-29-95,50,0.2,1538.54,-81.69989
P11032-3,71638_20-22-29-95,50,0.2,1538.56,-120
P11032-3,71638_20-22-29-95,50,0.2,1538.58,-120
P11032-3,71638_20-22-29-95,50,0.2,1538.6,-120
P11032-3,71638_20-22-29-95,50,0.2,1538.62,-85.92949
P11032-3,71638_20-22-29-95,50,0.2,1538.64,-120
P11032-3,71638_20-22-29-95,50,0.2,1538.66,-85.69602
P11032-3,71638_20-22-29-95,50,0.2,1538.68,-82.26652
P11032-3,71638_20-22-29-95,50,0.2,1538.7,-120
P11032-3,71638_20-22-29-95,50,0.2,1538.72,-82.3018
P11032-3,71638_20-22-29-95,50,0.2,1538.74,-82.42528
P11032-3,71638_20-22-29-95,50,0.2,1538.76,-120
P11032-3,71638_20-22-29-95,50,0.2,1538.78,-80.23833
P11032-3,71638_20-22-29-95,50,0.2,1538.8,-99.73058
P11032-3,71638_20-22-29-95,50,0.2,1538.82,-79.82967
P11032-3,71638_20-22-29-95,50,0.2,1538.84,-84.87716
P11032-3,71638_20-22-29-95,50,0.2,1538.86,-120
P11032-3,71638_20-22-29-95,50,0.2,1538.88,-79.01356
P11032-3,71638_20-22-29-95,50,0.2,1538.9,-77.30254
P11032-3,71638_20-22-29-95,50,0.2,1538.92,-120
P11032-3,71638_20-22-29-95,50,0.2,1538.94,-120
P11032-3,71638_20-22-29-95,50,0.2,1538.96,-83.53008
P11032-3,71638_20-22-29-95,50,0.2,1538.98,-120
P11032-3,71638_20-22-29-95,50,0.2,1539,-91.78749
P11032-3,71638_20-22-29-95,50,0.2,1539.02,-77.56466
P11032-3,71638_20-22-29-95,50,0.2,1539.04,-120
P11032-3,71638_20-22-29-95,50,0.2,1539.06,-90.88097
P11032-3,71638_20-22-29-95,50,0.2,1539.08,-79.93962
P11032-3,71638_20-22-29-95,50,0.2,1539.1,-120
P11032-3,71638_20-22-29-95,50,0.2,1539.12,-120
P11032-3,71638_20-22-29-95,50,0.2,1539.14,-120
P11032-3,71638_20-22-29-95,50,0.2,1539.16,-102.2753
P11032-3,71638_20-22-29-95,50,0.2,1539.18,-89.58213
P11032-3,71638_20-22-29-95,50,0.2,1539.2,-120
P11032-3,71638_20-22-29-95,50,0.2,1539.22,-120
P11032-3,71638_20-22-29-95,50,0.2,1539.24,-82.32844
P11032-3,71638_20-22-29-95,50,0.2,1539.26,-120
P11032-3,71638_20-22-29-95,50,0.2,1539.28,-120
P11032-3,71638_20-22-29-95,50,0.2,1539.3,-75.76918
P11032-3,71638_20-22-29-95,50,0.2,1539.32,-81.05075
P11032-3,71638_20-22-29-95,50,0.2,1539.34,-77.57707
P11032-3,71638_20-22-29-95,50,0.2,1539.36,-80.30025
P11032-3,71638_20-22-29-95,50,0.2,1539.38,-120
P11032-3,71638_20-22-29-95,50,0.2,1539.4,-79.02396
P11032-3,71638_20-22-29-95,50,0.2,1539.42,-120
P11032-3,71638_20-22-29-95,50,0.2,1539.44,-80.74688
P11032-3,71638_20-22-29-95,50,0.2,1539.46,-84.46602
P11032-3,71638_20-22-29-95,50,0.2,1539.48,-76.4859
P11032-3,71638_20-22-29-95,50,0.2,1539.5,-120
P11032-3,71638_20-22-29-95,50,0.2,1539.52,-81.66917
P11032-3,71638_20-22-29-95,50,0.2,1539.54,-77.17151
P11032-3,71638_20-22-29-95,50,0.2,1539.56,-78.9279
P11032-3,71638_20-22-29-95,50,0.2,1539.58,-120
P11032-3,71638_20-22-29-95,50,0.2,1539.6,-76.14572
P11032-3,71638_20-22-29-95,50,0.2,1539.62,-83.38471
P11032-3,71638_20-22-29-95,50,0.2,1539.64,-83.35076
P11032-3,71638_20-22-29-95,50,0.2,1539.66,-81.53106
P11032-3,71638_20-22-29-95,50,0.2,1539.68,-120
P11032-3,71638_20-22-29-95,50,0.2,1539.7,-120
P11032-3,71638_20-22-29-95,50,0.2,1539.72,-76.38272
P11032-3,71638_20-22-29-95,50,0.2,1539.74,-80.83546
P11032-3,71638_20-22-29-95,50,0.2,1539.76,-87.24919
P11032-3,71638_20-22-29-95,50,0.2,1539.78,-120
P11032-3,71638_20-22-29-95,50,0.2,1539.8,-120
P11032-3,71638_20-22-29-95,50,0.2,1539.82,-120
P11032-3,71638_20-22-29-95,50,0.2,1539.84,-86.73459
P11032-3,71638_20-22-29-95,50,0.2,1539.86,-79.0518
P11032-3,71638_20-22-29-95,50,0.2,1539.88,-79.02743
P11032-3,71638_20-22-29-95,50,0.2,1539.9,-120
P11032-3,71638_20-22-29-95,50,0.2,1539.92,-79.15424
P11032-3,71638_20-22-29-95,50,0.2,1539.94,-120
P11032-3,71638_20-22-29-95,50,0.2,1539.96,-92.09785
P11032-3,71638_20-22-29-95,50,0.2,1539.98,-120
P11032-3,71638_20-22-29-95,50,0.2,1540,-85.22734
P11032-3,71638_20-22-29-95,50,0.2,1540.02,-120
P11032-3,71638_20-22-29-95,50,0.2,1540.04,-120
P11032-3,71638_20-22-29-95,50,0.2,1540.06,-80.38105
P11032-3,71638_20-22-29-95,50,0.2,1540.08,-120
P11032-3,71638_20-22-29-95,50,0.2,1540.1,-77.15118
P11032-3,71638_20-22-29-95,50,0.2,1540.12,-81.13509
P11032-3,71638_20-22-29-95,50,0.2,1540.14,-120
P11032-3,71638_20-22-29-95,50,0.2,1540.16,-120
P11032-3,71638_20-22-29-95,50,0.2,1540.18,-82.20764
P11032-3,71638_20-22-29-95,50,0.2,1540.2,-120
P11032-3,71638_20-22-29-95,50,0.2,1540.22,-81.03584
P11032-3,71638_20-22-29-95,50,0.2,1540.24,-75.48521
P11032-3,71638_20-22-29-95,50,0.2,1540.26,-120
P11032-3,71638_20-22-29-95,50,0.2,1540.28,-80.82494
P11032-3,71638_20-22-29-95,50,0.2,1540.3,-86.47046
P11032-3,71638_20-22-29-95,50,0.2,1540.32,-81.84223
P11032-3,71638_20-22-29-95,50,0.2,1540.34,-79.99132
P11032-3,71638_20-22-29-95,50,0.2,1540.36,-120
P11032-3,71638_20-22-29-95,50,0.2,1540.38,-120
P11032-3,71638_20-22-29-95,50,0.2,1540.4,-80.59633
P11032-3,71638_20-22-29-95,50,0.2,1540.42,-83.77682
P11032-3,71638_20-22-29-95,50,0.2,1540.44,-77.70318
P11032-3,71638_20-22-29-95,50,0.2,1540.46,-79.90124
P11032-3,71638_20-22-29-95,50,0.2,1540.48,-89.21181
P11032-3,71638_20-22-29-95,50,0.2,1540.5,-80.26595
P11032-3,71638_20-22-29-95,50,0.2,1540.52,-77.98057
P11032-3,71638_20-22-29-95,50,0.2,1540.54,-120
P11032-3,71638_20-22-29-95,50,0.2,1540.56,-120
P11032-3,71638_20-22-29-95,50,0.2,1540.58,-96.94649
P11032-3,71638_20-22-29-95,50,0.2,1540.6,-78.94831
P11032-3,71638_20-22-29-95,50,0.2,1540.62,-83.38377
P11032-3,71638_20-22-29-95,50,0.2,1540.64,-120
P11032-3,71638_20-22-29-95,50,0.2,1540.66,-77.11751
P11032-3,71638_20-22-29-95,50,0.2,1540.68,-120
P11032-3,71638_20-22-29-95,50,0.2,1540.7,-85.10042
P11032-3,71638_20-22-29-95,50,0.2,1540.72,-78.99974
P11032-3,71638_20-22-29-95,50,0.2,1540.74,-82.41467
P11032-3,71638_20-22-29-95,50,0.2,1540.76,-87.78586
P11032-3,71638_20-22-29-95,50,0.2,1540.78,-76.362
P11032-3,71638_20-22-29-95,50,0.2,1540.8,-80.58787
P11032-3,71638_20-22-29-95,50,0.2,1540.82,-81.28661
P11032-3,71638_20-22-29-95,50,0.2,1540.84,-120
P11032-3,71638_20-22-29-95,50,0.2,1540.86,-82.48798
P11032-3,71638_20-22-29-95,50,0.2,1540.88,-120
P11032-3,71638_20-22-29-95,50,0.2,1540.9,-77.76245
P11032-3,71638_20-22-29-95,50,0.2,1540.92,-80.25396
P11032-3,71638_20-22-29-95,50,0.2,1540.94,-120
P11032-3,71638_20-22-29-95,50,0.2,1540.96,-120
P11032-3,71638_20-22-29-95,50,0.2,1540.98,-76.11721
P11032-3,71638_20-22-29-95,50,0.2,1541,-78.48324
P11032-3,71638_20-22-29-95,50,0.2,1541.02,-120
P11032-3,71638_20-22-29-95,50,0.2,1541.04,-120
P11032-3,71638_20-22-29-95,50,0.2,1541.06,-75.38802
P11032-3,71638_20-22-29-95,50,0.2,1541.08,-86.22694
P11032-3,71638_20-22-29-95,50,0.2,1541.1,-120
P11032-3,71638_20-22-29-95,50,0.2,1541.12,-88.59492
P11032-3,71638_20-22-29-95,50,0.2,1541.14,-120
P11032-3,71638_20-22-29-95,50,0.2,1541.16,-78.04654
P11032-3,71638_20-22-29-95,50,0.2,1541.18,-120
P11032-3,71638_20-22-29-95,50,0.2,1541.2,-83.711
P11032-3,71638_20-22-29-95,50,0.2,1541.22,-120
P11032-3,71638_20-22-29-95,50,0.2,1541.24,-78.09388
P11032-3,71638_20-22-29-95,50,0.2,1541.26,-79.98699
P11032-3,71638_20-22-29-95,50,0.2,1541.28,-120
P11032-3,71638_20-22-29-95,50,0.2,1541.3,-79.4424
P11032-3,71638_20-22-29-95,50,0.2,1541.32,-79.58213
P11032-3,71638_20-22-29-95,50,0.2,1541.34,-120
P11032-3,71638_20-22-29-95,50,0.2,1541.36,-82.91919
P11032-3,71638_20-22-29-95,50,0.2,1541.38,-120
P11032-3,71638_20-22-29-95,50,0.2,1541.4,-120
P11032-3,71638_20-22-29-95,50,0.2,1541.42,-120
P11032-3,71638_20-22-29-95,50,0.2,1541.44,-78.1673
P11032-3,71638_20-22-29-95,50,0.2,1541.46,-120
P11032-3,71638_20-22-29-95,50,0.2,1541.48,-120
P11032-3,71638_20-22-29-95,50,0.2,1541.5,-77.11751
P11032-3,71638_20-22-29-95,50,0.2,1541.52,-120
P11032-3,71638_20-22-29-95,50,0.2,1541.54,-120
P11032-3,71638_20-22-29-95,50,0.2,1541.56,-120
P11032-3,71638_20-22-29-95,50,0.2,1541.58,-84.41531
P11032-3,71638_20-22-29-95,50,0.2,1541.6,-120
P11032-3,71638_20-22-29-95,50,0.2,1541.62,-92.23517
P11032-3,71638_20-22-29-95,50,0.2,1541.64,-80.86186
P11032-3,71638_20-22-29-95,50,0.2,1541.66,-120
P11032-3,71638_20-22-29-95,50,0.2,1541.68,-120
P11032-3,71638_20-22-29-95,50,0.2,1541.7,-75.72839
P11032-3,71638_20-22-29-95,50,0.2,1541.72,-120
P11032-3,71638_20-22-29-95,50,0.2,1541.74,-76.32271
P11032-3,71638_20-22-29-95,50,0.2,1541.76,-120
P11032-3,71638_20-22-29-95,50,0.2,1541.78,-120
P11032-3,71638_20-22-29-95,50,0.2,1541.8,-120
P11032-3,71638_20-22-29-95,50,0.2,1541.82,-76.35637
P11032-3,71638_20-22-29-95,50,0.2,1541.84,-120
P11032-3,71638_20-22-29-95,50,0.2,1541.86,-120
P11032-3,71638_20-22-29-95,50,0.2,1541.88,-120
P11032-3,71638_20-22-29-95,50,0.2,1541.9,-79.54286
P11032-3,71638_20-22-29-95,50,0.2,1541.92,-120
P11032-3,71638_20-22-29-95,50,0.2,1541.94,-120
P11032-3,71638_20-22-29-95,50,0.2,1541.96,-81.39243
P11032-3,71638_20-22-29-95,50,0.2,1541.98,-120
P11032-3,71638_20-22-29-95,50,0.2,1542,-120
P11032-3,71638_20-22-29-95,50,0.2,1542.02,-79.49234
P11032-3,71638_20-22-29-95,50,0.2,1542.04,-80.53646
P11032-3,71638_20-22-29-95,50,0.2,1542.06,-120
P11032-3,71638_20-22-29-95,50,0.2,1542.08,-77.18058
P11032-3,71638_20-22-29-95,50,0.2,1542.1,-120
P11032-3,71638_20-22-29-95,50,0.2,1542.12,-83.03644
P11032-3,71638_20-22-29-95,50,0.2,1542.14,-120
P11032-3,71638_20-22-29-95,50,0.2,1542.16,-79.19013
P11032-3,71638_20-22-29-95,50,0.2,1542.18,-120
P11032-3,71638_20-22-29-95,50,0.2,1542.2,-120
P11032-3,71638_20-22-29-95,50,0.2,1542.22,-120
P11032-3,71638_20-22-29-95,50,0.2,1542.24,-78.01618
P11032-3,71638_20-22-29-95,50,0.2,1542.26,-120
P11032-3,71638_20-22-29-95,50,0.2,1542.28,-92.87856
P11032-3,71638_20-22-29-95,50,0.2,1542.3,-120
P11032-3,71638_20-22-29-95,50,0.2,1542.32,-83.52715
P11032-3,71638_20-22-29-95,50,0.2,1542.34,-80.14035
P11032-3,71638_20-22-29-95,50,0.2,1542.36,-79.73058
P11032-3,71638_20-22-29-95,50,0.2,1542.38,-88.95854
P11032-3,71638_20-22-29-95,50,0.2,1542.4,-79.94819
P11032-3,71638_20-22-29-95,50,0.2,1542.42,-84.786
P11032-3,71638_20-22-29-95,50,0.2,1542.44,-120
P11032-3,71638_20-22-29-95,50,0.2,1542.46,-120
P11032-3,71638_20-22-29-95,50,0.2,1542.48,-79.80468
P11032-3,71638_20-22-29-95,50,0.2,1542.5,-120
P11032-3,71638_20-22-29-95,50,0.2,1542.52,-83.57535
P11032-3,71638_20-22-29-95,50,0.2,1542.54,-120
P11032-3,71638_20-22-29-95,50,0.2,1542.56,-83.52715
P11032-3,71638_20-22-29-95,50,0.2,1542.58,-120
P11032-3,71638_20-22-29-95,50,0.2,1542.6,-76.97669
P11032-3,71638_20-22-29-95,50,0.2,1542.62,-83.6221
P11032-3,71638_20-22-29-95,50,0.2,1542.64,-120
P11032-3,71638_20-22-29-95,50,0.2,1542.66,-80.36684
P11032-3,71638_20-22-29-95,50,0.2,1542.68,-120
P11032-3,71638_20-22-29-95,50,0.2,1542.7,-83.12382
P11032-3,71638_20-22-29-95,50,0.2,1542.72,-120
P11032-3,71638_20-22-29-95,50,0.2,1542.74,-81.6577
P11032-3,71638_20-22-29-95,50,0.2,1542.76,-120
P11032-3,71638_20-22-29-95,50,0.2,1542.78,-120
P11032-3,71638_20-22-29-95,50,0.2,1542.8,-81.15375
P11032-3,71638_20-22-29-95,50,0.2,1542.82,-120
P11032-3,71638_20-22-29-95,50,0.2,1542.84,-120
P11032-3,71638_20-22-29-95,50,0.2,1542.86,-81.10642
P11032-3,71638_20-22-29-95,50,0.2,1542.88,-87.53748
P11032-3,71638_20-22-29-95,50,0.2,1542.9,-120
P11032-3,71638_20-22-29-95,50,0.2,1542.92,-79.8843
P11032-3,71638_20-22-29-95,50,0.2,1542.94,-84.06382
P11032-3,71638_20-22-29-95,50,0.2,1542.96,-120
P11032-3,71638_20-22-29-95,50,0.2,1542.98,-83.81847
P11032-3,71638_20-22-29-95,50,0.2,1543,-78.11916
P11032-3,71638_20-22-29-95,50,0.2,1543.02,-120
P11032-3,71638_20-22-29-95,50,0.2,1543.04,-120
P11032-3,71638_20-22-29-95,50,0.2,1543.06,-120
P11032-3,71638_20-22-29-95,50,0.2,1543.08,-81.90912
P11032-3,71638_20-22-29-95,50,0.2,1543.1,-88.71924
P11032-3,71638_20-22-29-95,50,0.2,1543.12,-86.37706
P11032-3,71638_20-22-29-95,50,0.2,1543.14,-83.59916
P11032-3,71638_20-22-29-95,50,0.2,1543.16,-120
P11032-3,71638_20-22-29-95,50,0.2,1543.18,-120
P11032-3,71638_20-22-29-95,50,0.2,1543.2,-78.38932
P11032-3,71638_20-22-29-95,50,0.2,1543.22,-80.02876
P11032-3,71638_20-22-29-95,50,0.2,1543.24,-95.98944
P11032-3,71638_20-22-29-95,50,0.2,1543.26,-79.19374
P11032-3,71638_20-22-29-95,50,0.2,1543.28,-120
P11032-3,71638_20-22-29-95,50,0.2,1543.3,-120
P11032-3,71638_20-22-29-95,50,0.2,1543.32,-88.03824
P11032-3,71638_20-22-29-95,50,0.2,1543.34,-120
P11032-3,71638_20-22-29-95,50,0.2,1543.36,-120
P11032-3,71638_20-22-29-95,50,0.2,1543.38,-120
P11032-3,71638_20-22-29-95,50,0.2,1543.4,-120
P11032-3,71638_20-22-29-95,50,0.2,1543.42,-120
P11032-3,71638_20-22-29-95,50,0.2,1543.44,-120
P11032-3,71638_20-22-29-95,50,0.2,1543.46,-90.28399
P11032-3,71638_20-22-29-95,50,0.2,1543.48,-120
P11032-3,71638_20-22-29-95,50,0.2,1543.5,-79.813
P11032-3,71638_20-22-29-95,50,0.2,1543.52,-120
P11032-3,71638_20-22-29-95,50,0.2,1543.54,-75.58776
P11032-3,71638_20-22-29-95,50,0.2,1543.56,-78.86057
P11032-3,71638_20-22-29-95,50,0.2,1543.58,-85.10604
P11032-3,71638_20-22-29-95,50,0.2,1543.6,-88.34459
P11032-3,71638_20-22-29-95,50,0.2,1543.62,-120
P11032-3,71638_20-22-29-95,50,0.2,1543.64,-85.72189
P11032-3,71638_20-22-29-95,50,0.2,1543.66,-80.95068
P11032-3,71638_20-22-29-95,50,0.2,1543.68,-84.58171
P11032-3,71638_20-22-29-95,50,0.2,1543.7,-120
P11032-3,71638_20-22-29-95,50,0.2,1543.72,-120
P11032-3,71638_20-22-29-95,50,0.2,1543.74,-77.43523
P11032-3,71638_20-22-29-95,50,0.2,1543.76,-76.94434
P11032-3,71638_20-22-29-95,50,0.2,1543.78,-120
P11032-3,71638_20-22-29-95,50,0.2,1543.8,-120
P11032-3,71638_20-22-29-95,50,0.2,1543.82,-120
P11032-3,71638_20-22-29-95,50,0.2,1543.84,-120
P11032-3,71638_20-22-29-95,50,0.2,1543.86,-120
P11032-3,71638_20-22-29-95,50,0.2,1543.88,-81.17703
P11032-3,71638_20-22-29-95,50,0.2,1543.9,-81.90508
P11032-3,71638_20-22-29-95,50,0.2,1543.92,-87.16473
P11032-3,71638_20-22-29-95,50,0.2,1543.94,-120
P11032-3,71638_20-22-29-95,50,0.2,1543.96,-120
P11032-3,71638_20-22-29-95,50,0.2,1543.98,-77.68021
P11032-3,71638_20-22-29-95,50,0.2,1544,-120
P11032-3,71638_20-22-29-95,50,0.2,1544.02,-120
P11032-3,71638_20-22-29-95,50,0.2,1544.04,-97.16473
P11032-3,71638_20-22-29-95,50,0.2,1544.06,-120
P11032-3,71638_20-22-29-95,50,0.2,1544.08,-120
P11032-3,71638_20-22-29-95,50,0.2,1544.1,-78.23619
P11032-3,71638_20-22-29-95,50,0.2,1544.12,-120
P11032-3,71638_20-22-29-95,50,0.2,1544.14,-120
P11032-3,71638_20-22-29-95,50,0.2,1544.16,-120
P11032-3,71638_20-22-29-95,50,0.2,1544.18,-120
P11032-3,71638_20-22-29-95,50,0.2,1544.2,-120
P11032-3,71638_20-22-29-95,50,0.2,1544.22,-120
P11032-3,71638_20-22-29-95,50,0.2,1544.24,-80.58936
P11032-3,71638_20-22-29-95,50,0.2,1544.26,-120
P11032-3,71638_20-22-29-95,50,0.2,1544.28,-120
P11032-3,71638_20-22-29-95,50,0.2,1544.3,-75.22156
P11032-3,71638_20-22-29-95,50,0.2,1544.32,-120
P11032-3,71638_20-22-29-95,50,0.2,1544.34,-120
P11032-3,71638_20-22-29-95,50,0.2,1544.36,-120
P11032-3,71638_20-22-29-95,50,0.2,1544.38,-83.76027
P11032-3,71638_20-22-29-95,50,0.2,1544.4,-79.22632
P11032-3,71638_20-22-29-95,50,0.2,1544.42,-120
P11032-3,71638_20-22-29-95,50,0.2,1544.44,-120
P11032-3,71638_20-22-29-95,50,0.2,1544.46,-120
P11032-3,71638_20-22-29-95,50,0.2,1544.48,-75.56894
P11032-3,71638_20-22-29-95,50,0.2,1544.5,-76.18524
P11032-3,71638_20-22-29-95,50,0.2,1544.52,-120
P11032-3,71638_20-22-29-95,50,0.2,1544.54,-82.6544
P11032-3,71638_20-22-29-95,50,0.2,1544.56,-120
P11032-3,71638_20-22-29-95,50,0.2,1544.58,-120
P11032-3,71638_20-22-29-95,50,0.2,1544.6,-120
P11032-3,71638_20-22-29-95,50,0.2,1544.62,-84.85984
P11032-3,71638_20-22-29-95,50,0.2,1544.64,-120
P11032-3,71638_20-22-29-95,50,0.2,1544.66,-83.0777
P11032-3,71638_20-22-29-95,50,0.2,1544.68,-120
P11032-3,71638_20-22-29-95,50,0.2,1544.7,-83.51542
P11032-3,71638_20-22-29-95,50,0.2,1544.72,-81.73472
P11032-3,71638_20-22-29-95,50,0.2,1544.74,-81.03308
P11032-3,71638_20-22-29-95,50,0.2,1544.76,-75.57363
P11032-3,71638_20-22-29-95,50,0.2,1544.78,-81.093
P11032-3,71638_20-22-29-95,50,0.2,1544.8,-80.85868
P11032-3,71638_20-22-29-95,50,0.2,1544.82,-77.8728
P11032-3,71638_20-22-29-95,50,0.2,1544.84,-120
P11032-3,71638_20-22-29-95,50,0.2,1544.86,-120
P11032-3,71638_20-22-29-95,50,0.2,1544.88,-120
P11032-3,71638_20-22-29-95,50,0.2,1544.9,-80.22688
P11032-3,71638_20-22-29-95,50,0.2,1544.92,-120
P11032-3,71638_20-22-29-95,50,0.2,1544.94,-80.73298
P11032-3,71638_20-22-29-95,50,0.2,1544.96,-120
P11032-3,71638_20-22-29-95,50,0.2,1544.98,-120
P11032-3,71638_20-22-29-95,50,0.2,1545,-78.8941
P11032-3,71638_20-22-29-95,50,0.2,1545.02,-120
P11032-3,71638_20-22-29-95,50,0.2,1545.04,-77.0708
P11032-3,71638_20-22-29-95,50,0.2,1545.06,-120
P11032-3,71638_20-22-29-95,50,0.2,1545.08,-120
P11032-3,71638_20-22-29-95,50,0.2,1545.1,-81.49721
P11032-3,71638_20-22-29-95,50,0.2,1545.12,-94.5892
P11032-3,71638_20-22-29-95,50,0.2,1545.14,-89.34794
P11032-3,71638_20-22-29-95,50,0.2,1545.16,-88.04377
P11032-3,71638_20-22-29-95,50,0.2,1545.18,-77.26767
P11032-3,71638_20-22-29-95,50,0.2,1545.2,-79.88007
P11032-3,71638_20-22-29-95,50,0.2,1545.22,-82.78849
P11032-3,71638_20-22-29-95,50,0.2,1545.24,-78.24488
P11032-3,71638_20-22-29-95,50,0.2,1545.26,-120
P11032-3,71638_20-22-29-95,50,0.2,1545.28,-120
P11032-3,71638_20-22-29-95,50,0.2,1545.3,-120
P11032-3,71638_20-22-29-95,50,0.2,1545.32,-120
P11032-3,71638_20-22-29-95,50,0.2,1545.34,-120
P11032-3,71638_20-22-29-95,50,0.2,1545.36,-79.38925
P11032-3,71638_20-22-29-95,50,0.2,1545.38,-78.72571
P11032-3,71638_20-22-29-95,50,0.2,1545.4,-120
P11032-3,71638_20-22-29-95,50,0.2,1545.42,-120
P11032-3,71638_20-22-29-95,50,0.2,1545.44,-120
P11032-3,71638_20-22-29-95,50,0.2,1545.46,-87.12422
P11032-3,71638_20-22-29-95,50,0.2,1545.48,-120
P11032-3,71638_20-22-29-95,50,0.2,1545.5,-80.43784
P11032-3,71638_20-22-29-95,50,0.2,1545.52,-79.56638
P11032-3,71638_20-22-29-95,50,0.2,1545.54,-120
P11032-3,71638_20-22-29-95,50,0.2,1545.56,-120
P11032-3,71638_20-22-29-95,50,0.2,1545.58,-120
P11032-3,71638_20-22-29-95,50,0.2,1545.6,-85.18701
P11032-3,71638_20-22-29-95,50,0.2,1545.62,-120
P11032-3,71638_20-22-29-95,50,0.2,1545.64,-77.84098
P11032-3,71638_20-22-29-95,50,0.2,1545.66,-77.13544
P11032-3,71638_20-22-29-95,50,0.2,1545.68,-77.61703
P11032-3,71638_20-22-29-95,50,0.2,1545.7,-93.42371
P11032-3,71638_20-22-29-95,50,0.2,1545.72,-120
P11032-3,71638_20-22-29-95,50,0.2,1545.74,-81.50519
P11032-3,71638_20-22-29-95,50,0.2,1545.76,-91.51257
P11032-3,71638_20-22-29-95,50,0.2,1545.78,-79.00665
P11032-3,71638_20-22-29-95,50,0.2,1545.8,-80.63587
P11032-3,71638_20-22-29-95,50,0.2,1545.82,-120
P11032-3,71638_20-22-29-95,50,0.2,1545.84,-76.71009
P11032-3,71638_20-22-29-95,50,0.2,1545.86,-83.2661
P11032-3,71638_20-22-29-95,50,0.2,1545.88,-81.58641
P11032-3,71638_20-22-29-95,50,0.2,1545.9,-120
P11032-3,71638_20-22-29-95,50,0.2,1545.92,-75.39102
P11032-3,71638_20-22-29-95,50,0.2,1545.94,-120
P11032-3,71638_20-22-29-95,50,0.2,1545.96,-78.3062
P11032-3,71638_20-22-29-95,50,0.2,1545.98,-84.40692
P11032-3,71638_20-22-29-95,50,0.2,1546,-82.85
P11032-3,71638_20-22-29-95,50,0.2,1546.02,-91.23205
P11032-3,71638_20-22-29-95,50,0.2,1546.04,-78.31797
P11032-3,71638_20-22-29-95,50,0.2,1546.06,-77.11304
P11032-3,71638_20-22-29-95,50,0.2,1546.08,-120
P11032-3,71638_20-22-29-95,50,0.2,1546.1,-76.03104
P11032-3,71638_20-22-29-95,50,0.2,1546.12,-83.02422
P11032-3,71638_20-22-29-95,50,0.2,1546.14,-84.133
P11032-3,71638_20-22-29-95,50,0.2,1546.16,-120
P11032-3,71638_20-22-29-95,50,0.2,1546.18,-86.97236
P11032-3,71638_20-22-29-95,50,0.2,1546.2,-120
P11032-3,71638_20-22-29-95,50,0.2,1546.22,-120
P11032-3,71638_20-22-29-95,50,0.2,1546.24,-120
P11032-3,71638_20-22-29-95,50,0.2,1546.26,-82.66482
P11032-3,71638_20-22-29-95,50,0.2,1546.28,-120
P11032-3,71638_20-22-29-95,50,0.2,1546.3,-76.6294
P11032-3,71638_20-22-29-95,50,0.2,1546.32,-87.41363
P11032-3,71638_20-22-29-95,50,0.2,1546.34,-84.20559
P11032-3,71638_20-22-29-95,50,0.2,1546.36,-93.43136
P11032-3,71638_20-22-29-95,50,0.2,1546.38,-86.77161
P11032-3,71638_20-22-29-95,50,0.2,1546.4,-120
P11032-3,71638_20-22-29-95,50,0.2,1546.42,-78.72571
P11032-3,71638_20-22-29-95,50,0.2,1546.44,-120
P11032-3,71638_20-22-29-95,50,0.2,1546.46,-80.34892
P11032-3,71638_20-22-29-95,50,0.2,1546.48,-120
P11032-3,71638_20-22-29-95,50,0.2,1546.5,-120
P11032-3,71638_20-22-29-95,50,0.2,1546.52,-80.62131
P11032-3,71638_20-22-29-95,50,0.2,1546.54,-120
P11032-3,71638_20-22-29-95,50,0.2,1546.56,-88.22464
P11032-3,71638_20-22-29-95,50,0.2,1546.58,-120
P11032-3,71638_20-22-29-95,50,0.2,1546.6,-79.813
P11032-3,71638_20-22-29-95,50,0.2,1546.62,-120
P11032-3,71638_20-22-29-95,50,0.2,1546.64,-120
P11032-3,71638_20-22-29-95,50,0.2,1546.66,-82.82996
P11032-3,71638_20-22-29-95,50,0.2,1546.68,-90.89963
P11032-3,71638_20-22-29-95,50,0.2,1546.7,-120
P11032-3,71638_20-22-29-95,50,0.2,1546.72,-120
P11032-3,71638_20-22-29-95,50,0.2,1546.74,-77.93444
P11032-3,71638_20-22-29-95,50,0.2,1546.76,-120
P11032-3,71638_20-22-29-95,50,0.2,1546.78,-76.96156
P11032-3,71638_20-22-29-95,50,0.2,1546.8,-120
P11032-3,71638_20-22-29-95,50,0.2,1546.82,-120
P11032-3,71638_20-22-29-95,50,0.2,1546.84,-74.97709
P11032-3,71638_20-22-29-95,50,0.2,1546.86,-80.31704
P11032-3,71638_20-22-29-95,50,0.2,1546.88,-120
P11032-3,71638_20-22-29-95,50,0.2,1546.9,-83.95774
P11032-3,71638_20-22-29-95,50,0.2,1546.92,-83.89446
P11032-3,71638_20-22-29-95,50,0.2,1546.94,-83.63412
P11032-3,71638_20-22-29-95,50,0.2,1546.96,-79.15066
P11032-3,71638_20-22-29-95,50,0.2,1546.98,-83.83
P11032-3,71638_20-22-29-95,50,0.2,1547,-120
P11032-3,71638_20-22-29-95,50,0.2,1547.02,-120
P11032-3,71638_20-22-29-95,50,0.2,1547.04,-120
P11032-3,71638_20-22-29-95,50,0.2,1547.06,-78.74519
P11032-3,71638_20-22-29-95,50,0.2,1547.08,-79.68996
P11032-3,71638_20-22-29-95,50,0.2,1547.1,-120
P11032-3,71638_20-22-29-95,50,0.2,1547.12,-120
P11032-3,71638_20-22-29-95,50,0.2,1547.14,-120
P11032-3,71638_20-22-29-95,50,0.2,1547.16,-77.46904
P11032-3,71638_20-22-29-95,50,0.2,1547.18,-120
P11032-3,71638_20-22-29-95,50,0.2,1547.2,-120
P11032-3,71638_20-22-29-95,50,0.2,1547.22,-120
P11032-3,71638_20-22-29-95,50,0.2,1547.24,-83.47754
P11032-3,71638_20-22-29-95,50,0.2,1547.26,-120
P11032-3,71638_20-22-29-95,50,0.2,1547.28,-77.77804
P11032-3,71638_20-22-29-95,50,0.2,1547.3,-120
P11032-3,71638_20-22-29-95,50,0.2,1547.32,-86.81311
P11032-3,71638_20-22-29-95,50,0.2,1547.34,-120
P11032-3,71638_20-22-29-95,50,0.2,1547.36,-76.48784
P11032-3,71638_20-22-29-95,50,0.2,1547.38,-120
P11032-3,71638_20-22-29-95,50,0.2,1547.4,-83.46595
P11032-3,71638_20-22-29-95,50,0.2,1547.42,-120
P11032-3,71638_20-22-29-95,50,0.2,1547.44,-120
P11032-3,71638_20-22-29-95,50,0.2,1547.46,-120
P11032-3,71638_20-22-29-95,50,0.2,1547.48,-120
P11032-3,71638_20-22-29-95,50,0.2,1547.5,-120
P11032-3,71638_20-22-29-95,50,0.2,1547.52,-75.96365
P11032-3,71638_20-22-29-95,50,0.2,1547.54,-120
P11032-3,71638_20-22-29-95,50,0.2,1547.56,-120
P11032-3,71638_20-22-29-95,50,0.2,1547.58,-120
P11032-3,71638_20-22-29-95,50,0.2,1547.6,-79.12219
P11032-3,71638_20-22-29-95,50,0.2,1547.62,-84.83597
P11032-3,71638_20-22-29-95,50,0.2,1547.64,-81.91316
P11032-3,71638_20-22-29-95,50,0.2,1547.66,-120
P11032-3,71638_20-22-29-95,50,0.2,1547.68,-120
P11032-3,71638_20-22-29-95,50,0.2,1547.7,-120
P11032-3,71638_20-22-29-95,50,0.2,1547.72,-81.762
P11032-3,71638_20-22-29-95,50,0.2,1547.74,-78.89747
P11032-3,71638_20-22-29-95,50,0.2,1547.76,-120
P11032-3,71638_20-22-29-95,50,0.2,1547.78,-120
P11032-3,71638_20-22-29-95,50,0.2,1547.8,-120
P11032-3,71638_20-22-29-95,50,0.2,1547.82,-120
P11032-3,71638_20-22-29-95,50,0.2,1547.84,-120
P11032-3,71638_20-22-29-95,50,0.2,1547.86,-80.2535
P11032-3,71638_20-22-29-95,50,0.2,1547.88,-80.491
P11032-3,71638_20-22-29-95,50,0.2,1547.9,-120
P11032-3,71638_20-22-29-95,50,0.2,1547.92,-120
P11032-3,71638_20-22-29-95,50,0.2,1547.94,-120
P11032-3,71638_20-22-29-95,50,0.2,1547.96,-76.53451
P11032-3,71638_20-22-29-95,50,0.2,1547.98,-120
P11032-3,71638_20-22-29-95,50,0.2,1548,-98.07154
P11032-3,71638_20-22-29-95,50,0.2,1548.02,-82.90476
P11032-3,71638_20-22-29-95,50,0.2,1548.04,-78.02995
P11032-3,71638_20-22-29-95,50,0.2,1548.06,-80.21591
P11032-3,71638_20-22-29-95,50,0.2,1548.08,-120
P11032-3,71638_20-22-29-95,50,0.2,1548.1,-77.72885
P11032-3,71638_20-22-29-95,50,0.2,1548.12,-120
P11032-3,71638_20-22-29-95,50,0.2,1548.14,-91.14752
P11032-3,71638_20-22-29-95,50,0.2,1548.16,-77.77804
P11032-3,71638_20-22-29-95,50,0.2,1548.18,-80.41197
P11032-3,71638_20-22-29-95,50,0.2,1548.2,-120
P11032-3,71638_20-22-29-95,50,0.2,1548.22,-79.58213
P11032-3,71638_20-22-29-95,50,0.2,1548.24,-80.96096
P11032-3,71638_20-22-29-95,50,0.2,1548.26,-81.20904
P11032-3,71638_20-22-29-95,50,0.2,1548.28,-120
P11032-3,71638_20-22-29-95,50,0.2,1548.3,-83.18849
P11032-3,71638_20-22-29-95,50,0.2,1548.32,-80.79772
P11032-3,71638_20-22-29-95,50,0.2,1548.34,-79.48462
P11032-3,71638_20-22-29-95,50,0.2,1548.36,-83.37337
P11032-3,71638_20-22-29-95,50,0.2,1548.38,-87.53255
P11032-3,71638_20-22-29-95,50,0.2,1548.4,-120
P11032-3,71638_20-22-29-95,50,0.2,1548.42,-80.12557
P11032-3,71638_20-22-29-95,50,0.2,1548.44,-120
P11032-3,71638_20-22-29-95,50,0.2,1548.46,-120
P11032-3,71638_20-22-29-95,50,0.2,1548.48,-120
P11032-3,71638_20-22-29-95,50,0.2,1548.5,-82.79014
P11032-3,71638_20-22-29-95,50,0.2,1548.52,-76.76542
P11032-3,71638_20-22-29-95,50,0.2,1548.54,-120
P11032-3,71638_20-22-29-95,50,0.2,1548.56,-79.85479
P11032-3,71638_20-22-29-95,50,0.2,1548.58,-82.6825
P11032-3,71638_20-22-29-95,50,0.2,1548.6,-79.04482
P11032-3,71638_20-22-29-95,50,0.2,1548.62,-87.93444
P11032-3,71638_20-22-29-95,50,0.2,1548.64,-82.3114
P11032-3,71638_20-22-29-95,50,0.2,1548.66,-77.91021
P11032-3,71638_20-22-29-95,50,0.2,1548.68,-120
P11032-3,71638_20-22-29-95,50,0.2,1548.7,-85.32836
P11032-3,71638_20-22-29-95,50,0.2,1548.72,-120
P11032-3,71638_20-22-29-95,50,0.2,1548.74,-120
P11032-3,71638_20-22-29-95,50,0.2,1548.76,-120
P11032-3,71638_20-22-29-95,50,0.2,1548.78,-120
P11032-3,71638_20-22-29-95,50,0.2,1548.8,-120
P11032-3,71638_20-22-29-95,50,0.2,1548.82,-94.57673
P11032-3,71638_20-22-29-95,50,0.2,1548.84,-120
P11032-3,71638_20-22-29-95,50,0.2,1548.86,-120
P11032-3,71638_20-22-29-95,50,0.2,1548.88,-78.77129
P11032-3,71638_20-22-29-95,50,0.2,1548.9,-77.74691
P11032-3,71638_20-22-29-95,50,0.2,1548.92,-120
P11032-3,71638_20-22-29-95,50,0.2,1548.94,-82.38824
P11032-3,71638_20-22-29-95,50,0.2,1548.96,-84.85585
P11032-3,71638_20-22-29-95,50,0.2,1548.98,-80.69458
P11032-3,71638_20-22-29-95,50,0.2,1549,-120
P11032-3,71638_20-22-29-95,50,0.2,1549.02,-86.04324
P11032-3,71638_20-22-29-95,50,0.2,1549.04,-120
P11032-3,71638_20-22-29-95,50,0.2,1549.06,-81.69989
P11032-3,71638_20-22-29-95,50,0.2,1549.08,-120
P11032-3,71638_20-22-29-95,50,0.2,1549.1,-83.26426
P11032-3,71638_20-22-29-95,50,0.2,1549.12,-120
P11032-3,71638_20-22-29-95,50,0.2,1549.14,-76.70806
P11032-3,71638_20-22-29-95,50,0.2,1549.16,-80.72117
P11032-3,71638_20-22-29-95,50,0.2,1549.18,-120
P11032-3,71638_20-22-29-95,50,0.2,1549.2,-120
P11032-3,71638_20-22-29-95,50,0.2,1549.22,-120
P11032-3,71638_20-22-29-95,50,0.2,1549.24,-84.00008
P11032-3,71638_20-22-29-95,50,0.2,1549.26,-79.06228
P11032-3,71638_20-22-29-95,50,0.2,1549.28,-120
P11032-3,71638_20-22-29-95,50,0.2,1549.3,-86.9702
P11032-3,71638_20-22-29-95,50,0.2,1549.32,-84.89991
P11032-3,71638_20-22-29-95,50,0.2,1549.34,-120
P11032-3,71638_20-22-29-95,50,0.2,1549.36,-120
P11032-3,71638_20-22-29-95,50,0.2,1549.38,-120
P11032-3,71638_20-22-29-95,50,0.2,1549.4,-88.94149
P11032-3,71638_20-22-29-95,50,0.2,1549.42,-79.03438
P11032-3,71638_20-22-29-95,50,0.2,1549.44,-80.6078
P11032-3,71638_20-22-29-95,50,0.2,1549.46,-86.68978
P11032-3,71638_20-22-29-95,50,0.2,1549.48,-120
P11032-3,71638_20-22-29-95,50,0.2,1549.5,-89.8506
P11032-3,71638_20-22-29-95,50,0.2,1549.52,-120
P11032-3,71638_20-22-29-95,50,0.2,1549.54,-80.98433
P11032-3,71638_20-22-29-95,50,0.2,1549.56,-77.85951
P11032-3,71638_20-22-29-95,50,0.2,1549.58,-83.40654
P11032-3,71638_20-22-29-95,50,0.2,1549.6,-120
P11032-3,71638_20-22-29-95,50,0.2,1549.62,-76.88034
P11032-3,71638_20-22-29-95,50,0.2,1549.64,-83.0557
P11032-3,71638_20-22-29-95,50,0.2,1549.66,-76.36576
P11032-3,71638_20-22-29-95,50,0.2,1549.68,-120
P11032-3,71638_20-22-29-95,50,0.2,1549.7,-120
P11032-3,71638_20-22-29-95,50,0.2,1549.72,-74.96073
P11032-3,71638_20-22-29-95,50,0.2,1549.74,-84.07046
P11032-3,71638_20-22-29-95,50,0.2,1549.76,-120
P11032-3,71638_20-22-29-95,50,0.2,1549.78,-120
P11032-3,71638_20-22-29-95,50,0.2,1549.8,-81.093
P11032-3,71638_20-22-29-95,50,0.2,1549.82,-120
P11032-3,71638_20-22-29-95,50,0.2,1549.84,-86.9897
P11032-3,71638_20-22-29-95,50,0.2,1549.86,-120
P11032-3,71638_20-22-29-95,50,0.2,1549.88,-120
P11032-3,71638_20-22-29-95,50,0.2,1549.9,-120
P11032-3,71638_20-22-29-95,50,0.2,1549.92,-120
P11032-3,71638_20-22-29-95,50,0.2,1549.94,-120
P11032-3,71638_20-22-29-95,50,0.2,1549.96,-120
P11032-3,71638_20-22-29-95,50,0.2,1549.98,-120
P11032-3,71638_20-22-29-95,50,0.2,1550,-84.02634
P11032-3,71638_20-22-29-95,50,0.2,1550.02,-84.28641
P11032-3,71638_20-22-29-95,50,0.2,1550.04,-120
P11032-3,71638_20-22-29-95,50,0.2,1550.06,-120
P11032-3,71638_20-22-29-95,50,0.2,1550.08,-120
P11032-3,71638_20-22-29-95,50,0.2,1550.1,-120
P11032-3,71638_20-22-29-95,50,0.2,1550.12,-120
P11032-3,71638_20-22-29-95,50,0.2,1550.14,-83.83314
P11032-3,71638_20-22-29-95,50,0.2,1550.16,-80.51587
P11032-3,71638_20-22-29-95,50,0.2,1550.18,-120
P11032-3,71638_20-22-29-95,50,0.2,1550.2,-78.33274
P11032-3,71638_20-22-29-95,50,0.2,1550.22,-79.61777
P11032-3,71638_20-22-29-95,50,0.2,1550.24,-120
P11032-3,71638_20-22-29-95,50,0.2,1550.26,-76.81519
P11032-3,71638_20-22-29-95,50,0.2,1550.28,-120
P11032-3,71638_20-22-29-95,50,0.2,1550.3,-120
P11032-3,71638_20-22-29-95,50,0.2,1550.32,-120
P11032-3,71638_20-22-29-95,50,0.2,1550.34,-120
P11032-3,71638_20-22-29-95,50,0.2,1550.36,-83.08565
P11032-3,71638_20-22-29-95,50,0.2,1550.38,-120
P11032-3,71638_20-22-29-95,50,0.2,1550.4,-78.81405
P11032-3,71638_20-22-29-95,50,0.2,1550.42,-78.02168
P11032-3,71638_20-22-29-95,50,0.2,1550.44,-78.02444
P11032-3,71638_20-22-29-95,50,0.2,1550.46,-78.66461
P11032-3,71638_20-22-29-95,50,0.2,1550.48,-120
P11032-3,71638_20-22-29-95,50,0.2,1550.5,-77.01584
P11032-3,71638_20-22-29-95,50,0.2,1550.52,-79.84221
P11032-3,71638_20-22-29-95,50,0.2,1550.54,-86.08888
P11032-3,71638_20-22-29-95,50,0.2,1550.56,-120
P11032-3,71638_20-22-29-95,50,0.2,1550.58,-83.56251
P11032-3,71638_20-22-29-95,50,0.2,1550.6,-81.67619
P11032-3,71638_20-22-29-95,50,0.2,1550.62,-100.1579
P11032-3,71638_20-22-29-95,50,0.2,1550.64,-88.54804
P11032-3,71638_20-22-29-95,50,0.2,1550.66,-77.78064
P11032-3,71638_20-22-29-95,50,0.2,1550.68,-120
P11032-3,71638_20-22-29-95,50,0.2,1550.7,-120
P11032-3,71638_20-22-29-95,50,0.2,1550.72,-90.15788
P11032-3,71638_20-22-29-95,50,0.2,1550.74,-82.48644
P11032-3,71638_20-22-29-95,50,0.2,1550.76,-120
P11032-3,71638_20-22-29-95,50,0.2,1550.78,-80.49684
P11032-3,71638_20-22-29-95,50,0.2,1550.8,-79.66576
P11032-3,71638_20-22-29-95,50,0.2,1550.82,-81.17931
P11032-3,71638_20-22-29-95,50,0.2,1550.84,-120
P11032-3,71638_20-22-29-95,50,0.2,1550.86,-80.18907
P11032-3,71638_20-22-29-95,50,0.2,1550.88,-120
P11032-3,71638_20-22-29-95,50,0.2,1550.9,-120
P11032-3,71638_20-22-29-95,50,0.2,1550.92,-120
P11032-3,71638_20-22-29-95,50,0.2,1550.94,-83.81429
P11032-3,71638_20-22-29-95,50,0.2,1550.96,-120
P11032-3,71638_20-22-29-95,50,0.2,1550.98,-120
P11032-3,71638_20-22-29-95,50,0.2,1551,-76.79231
P11032-3,71638_20-22-29-95,50,0.2,1551.02,-84.72112
P11032-3,71638_20-22-29-95,50,0.2,1551.04,-81.48069
P11032-3,71638_20-22-29-95,50,0.2,1551.06,-120
P11032-3,71638_20-22-29-95,50,0.2,1551.08,-78.68061
P11032-3,71638_20-22-29-95,50,0.2,1551.1,-86.25435
P11032-3,71638_20-22-29-95,50,0.2,1551.12,-120
P11032-3,71638_20-22-29-95,50,0.2,1551.14,-76.67158
P11032-3,71638_20-22-29-95,50,0.2,1551.16,-120
P11032-3,71638_20-22-29-95,50,0.2,1551.18,-78.26231
P11032-3,71638_20-22-29-95,50,0.2,1551.2,-80.20953
P11032-3,71638_20-22-29-95,50,0.2,1551.22,-79.84221
P11032-3,71638_20-22-29-95,50,0.2,1551.24,-79.74285
P11032-3,71638_20-22-29-95,50,0.2,1551.26,-120
P11032-3,71638_20-22-29-95,50,0.2,1551.28,-120
P11032-3,71638_20-22-29-95,50,0.2,1551.3,-120
P11032-3,71638_20-22-29-95,50,0.2,1551.32,-120
P11032-3,71638_20-22-29-95,50,0.2,1551.34,-74.67118
P11032-3,71638_20-22-29-95,50,0.2,1551.36,-120
P11032-3,71638_20-22-29-95,50,0.2,1551.38,-81.13904
P11032-3,71638_20-22-29-95,50,0.2,1551.4,-120
P11032-3,71638_20-22-29-95,50,0.2,1551.42,-79.79639
P11032-3,71638_20-22-29-95,50,0.2,1551.44,-86.43592
P11032-3,71638_20-22-29-95,50,0.2,1551.46,-120
P11032-3,71638_20-22-29-95,50,0.2,1551.48,-120
P11032-3,71638_20-22-29-95,50,0.2,1551.5,-120
P11032-3,71638_20-22-29-95,50,0.2,1551.52,-83.41893
P11032-3,71638_20-22-29-95,50,0.2,1551.54,-81.42306
P11032-3,71638_20-22-29-95,50,0.2,1551.56,-120
P11032-3,71638_20-22-29-95,50,0.2,1551.58,-120
P11032-3,71638_20-22-29-95,50,0.2,1551.6,-76.00499
P11032-3,71638_20-22-29-95,50,0.2,1551.62,-77.09298
P11032-3,71638_20-22-29-95,50,0.2,1551.64,-120
P11032-3,71638_20-22-29-95,50,0.2,1551.66,-120
P11032-3,71638_20-22-29-95,50,0.2,1551.68,-120
P11032-3,71638_20-22-29-95,50,0.2,1551.7,-120
P11032-3,71638_20-22-29-95,50,0.2,1551.72,-83.14527
P11032-3,71638_20-22-29-95,50,0.2,1551.74,-120
P11032-3,71638_20-22-29-95,50,0.2,1551.76,-120
P11032-3,71638_20-22-29-95,50,0.2,1551.78,-75.46223
P11032-3,71638_20-22-29-95,50,0.2,1551.8,-79.5117
P11032-3,71638_20-22-29-95,50,0.2,1551.82,-120
P11032-3,71638_20-22-29-95,50,0.2,1551.84,-88.64231
P11032-3,71638_20-22-29-95,50,0.2,1551.86,-80.75772
P11032-3,71638_20-22-29-95,50,0.2,1551.88,-120
P11032-3,71638_20-22-29-95,50,0.2,1551.9,-85.55955
P11032-3,71638_20-22-29-95,50,0.2,1551.92,-77.15344
P11032-3,71638_20-22-29-95,50,0.2,1551.94,-91.80917
P11032-3,71638_20-22-29-95,50,0.2,1551.96,-75.9346
P11032-3,71638_20-22-29-95,50,0.2,1551.98,-120
P11032-3,71638_20-22-29-95,50,0.2,1552,-76.8424
P11032-3,71638_20-22-29-95,50,0.2,1552.02,-81.24013
P11032-3,71638_20-22-29-95,50,0.2,1552.04,-79.24453
P11032-3,71638_20-22-29-95,50,0.2,1552.06,-120
P11032-3,71638_20-22-29-95,50,0.2,1552.08,-120
P11032-3,71638_20-22-29-95,50,0.2,1552.1,-78.74519
P11032-3,71638_20-22-29-95,50,0.2,1552.12,-86.38461
P11032-3,71638_20-22-29-95,50,0.2,1552.14,-120
P11032-3,71638_20-22-29-95,50,0.2,1552.16,-85.34468
P11032-3,71638_20-22-29-95,50,0.2,1552.18,-120
P11032-3,71638_20-22-29-95,50,0.2,1552.2,-120
P11032-3,71638_20-22-29-95,50,0.2,1552.22,-77.01802
P11032-3,71638_20-22-29-95,50,0.2,1552.24,-120
P11032-3,71638_20-22-29-95,50,0.2,1552.26,-120
P11032-3,71638_20-22-29-95,50,0.2,1552.28,-120
P11032-3,71638_20-22-29-95,50,0.2,1552.3,-89.21906
P11032-3,71638_20-22-29-95,50,0.2,1552.32,-120
P11032-3,71638_20-22-29-95,50,0.2,1552.34,-120
P11032-3,71638_20-22-29-95,50,0.2,1552.36,-120
P11032-3,71638_20-22-29-95,50,0.2,1552.38,-120
P11032-3,71638_20-22-29-95,50,0.2,1552.4,-81.68898
P11032-3,71638_20-22-29-95,50,0.2,1552.42,-80.50122
P11032-3,71638_20-22-29-95,50,0.2,1552.44,-79.22996
P11032-3,71638_20-22-29-95,50,0.2,1552.46,-80.2077
P11032-3,71638_20-22-29-95,50,0.2,1552.48,-120
P11032-3,71638_20-22-29-95,50,0.2,1552.5,-81.6134
P11032-3,71638_20-22-29-95,50,0.2,1552.52,-80.9691
P11032-3,71638_20-22-29-95,50,0.2,1552.54,-120
P11032-3,71638_20-22-29-95,50,0.2,1552.56,-120
P11032-3,71638_20-22-29-95,50,0.2,1552.58,-87.88612
P11032-3,71638_20-22-29-95,50,0.2,1552.6,-120
P11032-3,71638_20-22-29-95,50,0.2,1552.62,-80.44168
P11032-3,71638_20-22-29-95,50,0.2,1552.64,-120
P11032-3,71638_20-22-29-95,50,0.2,1552.66,-120
P11032-3,71638_20-22-29-95,50,0.2,1552.68,-85.24329
P11032-3,71638_20-22-29-95,50,0.2,1552.7,-81.04522
P11032-3,71638_20-22-29-95,50,0.2,1552.72,-83.46981
P11032-3,71638_20-22-29-95,50,0.2,1552.74,-120
P11032-3,71638_20-22-29-95,50,0.2,1552.76,-120
P11032-3,71638_20-22-29-95,50,0.2,1552.78,-84.10274
P11032-3,71638_20-22-29-95,50,0.2,1552.8,-120
P11032-3,71638_20-22-29-95,50,0.2,1552.82,-78.99629
P11032-3,71638_20-22-29-95,50,0.2,1552.84,-120
P11032-3,71638_20-22-29-95,50,0.2,1552.86,-120
P11032-3,71638_20-22-29-95,50,0.2,1552.88,-93.42371
P11032-3,71638_20-22-29-95,50,0.2,1552.9,-120
P11032-3,71638_20-22-29-95,50,0.2,1552.92,-83.41226
P11032-3,71638_20-22-29-95,50,0.2,1552.94,-78.02995
P11032-3,71638_20-22-29-95,50,0.2,1552.96,-96.91863
P11032-3,71638_20-22-29-95,50,0.2,1552.98,-120
P11032-3,71638_20-22-29-95,50,0.2,1553,-87.85421
P11032-3,71638_20-22-29-95,50,0.2,1553.02,-75.05289
P11032-3,71638_20-22-29-95,50,0.2,1553.04,-120
P11032-3,71638_20-22-29-95,50,0.2,1553.06,-120
P11032-3,71638_20-22-29-95,50,0.2,1553.08,-81.08518
P11032-3,71638_20-22-29-95,50,0.2,1553.1,-120
P11032-3,71638_20-22-29-95,50,0.2,1553.12,-81.1053
P11032-3,71638_20-22-29-95,50,0.2,1553.14,-83.33388
P11032-3,71638_20-22-29-95,50,0.2,1553.16,-120
P11032-3,71638_20-22-29-95,50,0.2,1553.18,-120
P11032-3,71638_20-22-29-95,50,0.2,1553.2,-83.6231
P11032-3,71638_20-22-29-95,50,0.2,1553.22,-77.93444
P11032-3,71638_20-22-29-95,50,0.2,1553.24,-120
P11032-3,71638_20-22-29-95,50,0.2,1553.26,-120
P11032-3,71638_20-22-29-95,50,0.2,1553.28,-120
P11032-3,71638_20-22-29-95,50,0.2,1553.3,-82.52744
P11032-3,71638_20-22-29-95,50,0.2,1553.32,-120
P11032-3,71638_20-22-29-95,50,0.2,1553.34,-76.68978
P11032-3,71638_20-22-29-95,50,0.2,1553.36,-85.10463
P11032-3,71638_20-22-29-95,50,0.2,1553.38,-120
P11032-3,71638_20-22-29-95,50,0.2,1553.4,-87.67004
P11032-3,71638_20-22-29-95,50,0.2,1553.42,-120
P11032-3,71638_20-22-29-95,50,0.2,1553.44,-120
P11032-3,71638_20-22-29-95,50,0.2,1553.46,-120
P11032-3,71638_20-22-29-95,50,0.2,1553.48,-77.62205
P11032-3,71638_20-22-29-95,50,0.2,1553.5,-120
P11032-3,71638_20-22-29-95,50,0.2,1553.52,-85.83859
P11032-3,71638_20-22-29-95,50,0.2,1553.54,-120
P11032-3,71638_20-22-29-95,50,0.2,1553.56,-79.78397
P11032-3,71638_20-22-29-95,50,0.2,1553.58,-120
P11032-3,71638_20-22-29-95,50,0.2,1553.6,-82.30106
P11032-3,71638_20-22-29-95,50,0.2,1553.62,-120
P11032-3,71638_20-22-29-95,50,0.2,1553.64,-78.14175
P11032-3,71638_20-22-29-95,50,0.2,1553.66,-120
P11032-3,71638_20-22-29-95,50,0.2,1553.68,-120
P11032-3,71638_20-22-29-95,50,0.2,1553.7,-82.88699
P11032-3,71638_20-22-29-95,50,0.2,1553.72,-85.89729
P11032-3,71638_20-22-29-95,50,0.2,1553.74,-79.57818
P11032-3,71638_20-22-29-95,50,0.2,1553.76,-81.2907
P11032-3,71638_20-22-29-95,50,0.2,1553.78,-120
P11032-3,71638_20-22-29-95,50,0.2,1553.8,-81.15941
P11032-3,71638_20-22-29-95,50,0.2,1553.82,-120
P11032-3,71638_20-22-29-95,50,0.2,1553.84,-79.21181
P11032-3,71638_20-22-29-95,50,0.2,1553.86,-120
P11032-3,71638_20-22-29-95,50,0.2,1553.88,-79.29224
P11032-3,71638_20-22-29-95,50,0.2,1553.9,-120
P11032-3,71638_20-22-29-95,50,0.2,1553.92,-78.09108
P11032-3,71638_20-22-29-95,50,0.2,1553.94,-78.25359
P11032-3,71638_20-22-29-95,50,0.2,1553.96,-120
P11032-3,71638_20-22-29-95,50,0.2,1553.98,-120
P11032-3,71638_20-22-29-95,50,0.2,1554,-78.22752
P11032-3,71638_20-22-29-95,50,0.2,1554.02,-75.11873
P11032-3,71638_20-22-29-95,50,0.2,1554.04,-120
P11032-3,71638_20-22-29-95,50,0.2,1554.06,-84.87582
P11032-3,71638_20-22-29-95,50,0.2,1554.08,-120
P11032-3,71638_20-22-29-95,50,0.2,1554.1,-120
P11032-3,71638_20-22-29-95,50,0.2,1554.12,-120
P11032-3,71638_20-22-29-95,50,0.2,1554.14,-80.92159
P11032-3,71638_20-22-29-95,50,0.2,1554.16,-85.45613
P11032-3,71638_20-22-29-95,50,0.2,1554.18,-120
P11032-3,71638_20-22-29-95,50,0.2,1554.2,-77.88346
P11032-3,71638_20-22-29-95,50,0.2,1554.22,-120
P11032-3,71638_20-22-29-95,50,0.2,1554.24,-120
P11032-3,71638_20-22-29-95,50,0.2,1554.26,-80.57595
P11032-3,71638_20-22-29-95,50,0.2,1554.28,-80.41866
P11032-3,71638_20-22-29-95,50,0.2,1554.3,-81.25518
P11032-3,71638_20-22-29-95,50,0.2,1554.32,-75.6591
P11032-3,71638_20-22-29-95,50,0.2,1554.34,-81.1227
P11032-3,71638_20-22-29-95,50,0.2,1554.36,-120
P11032-3,71638_20-22-29-95,50,0.2,1554.38,-79.62972
P11032-3,71638_20-22-29-95,50,0.2,1554.4,-120
P11032-3,71638_20-22-29-95,50,0.2,1554.42,-120
P11032-3,71638_20-22-29-95,50,0.2,1554.44,-78.18442
P11032-3,71638_20-22-29-95,50,0.2,1554.46,-78.20736
P11032-3,71638_20-22-29-95,50,0.2,1554.48,-82.94735
P11032-3,71638_20-22-29-95,50,0.2,1554.5,-81.38227
P11032-3,71638_20-22-29-95,50,0.2,1554.52,-94.45027
P11032-3,71638_20-22-29-95,50,0.2,1554.54,-120
P11032-3,71638_20-22-29-95,50,0.2,1554.56,-79.46154
P11032-3,71638_20-22-29-95,50,0.2,1554.58,-86.6736
P11032-3,71638_20-22-29-95,50,0.2,1554.6,-78.96881
P11032-3,71638_20-22-29-95,50,0.2,1554.62,-76.47817
P11032-3,71638_20-22-29-95,50,0.2,1554.64,-79.19013
P11032-3,71638_20-22-29-95,50,0.2,1554.66,-85.96193
P11032-3,71638_20-22-29-95,50,0.2,1554.68,-86.99839
P11032-3,71638_20-22-29-95,50,0.2,1554.7,-83.09804
P11032-3,71638_20-22-29-95,50,0.2,1554.72,-120
P11032-3,71638_20-22-29-95,50,0.2,1554.74,-120
P11032-3,71638_20-22-29-95,50,0.2,1554.76,-77.38499
P11032-3,71638_20-22-29-95,50,0.2,1554.78,-120
P11032-3,71638_20-22-29-95,50,0.2,1554.8,-120
P11032-3,71638_20-22-29-95,50,0.2,1554.82,-80.25396
P11032-3,71638_20-22-29-95,50,0.2,1554.84,-79.04482
P11032-3,71638_20-22-29-95,50,0.2,1554.86,-83.34888
P11032-3,71638_20-22-29-95,50,0.2,1554.88,-120
P11032-3,71638_20-22-29-95,50,0.2,1554.9,-120
P11032-3,71638_20-22-29-95,50,0.2,1554.92,-77.93984
P11032-3,71638_20-22-29-95,50,0.2,1554.94,-83.73557
P11032-3,71638_20-22-29-95,50,0.2,1554.96,-83.73557
P11032-3,71638_20-22-29-95,50,0.2,1554.98,-80.59185
P11032-3,71638_20-22-29-95,50,0.2,1555,-120
P11032-3,71638_20-22-29-95,50,0.2,1555.02,-79.65372
P11032-3,71638_20-22-29-95,50,0.2,1555.04,-120
P11032-3,71638_20-22-29-95,50,0.2,1555.06,-120
P11032-3,71638_20-22-29-95,50,0.2,1555.08,-120
P11032-3,71638_20-22-29-95,50,0.2,1555.1,-120
P11032-3,71638_20-22-29-95,50,0.2,1555.12,-81.07627
P11032-3,71638_20-22-29-95,50,0.2,1555.14,-120
P11032-3,71638_20-22-29-95,50,0.2,1555.16,-88.25649
P11032-3,71638_20-22-29-95,50,0.2,1555.18,-120
P11032-3,71638_20-22-29-95,50,0.2,1555.2,-81.56082
P11032-3,71638_20-22-29-95,50,0.2,1555.22,-84.63189
P11032-3,71638_20-22-29-95,50,0.2,1555.24,-120
P11032-3,71638_20-22-29-95,50,0.2,1555.26,-80.18317
P11032-3,71638_20-22-29-95,50,0.2,1555.28,-87.35182
P11032-3,71638_20-22-29-95,50,0.2,1555.3,-120
P11032-3,71638_20-22-29-95,50,0.2,1555.32,-81.62854
P11032-3,71638_20-22-29-95,50,0.2,1555.34,-78.57611
P11032-3,71638_20-22-29-95,50,0.2,1555.36,-120
P11032-3,71638_20-22-29-95,50,0.2,1555.38,-82.56961
P11032-3,71638_20-22-29-95,50,0.2,1555.4,-120
P11032-3,71638_20-22-29-95,50,0.2,1555.42,-120
P11032-3,71638_20-22-29-95,50,0.2,1555.44,-79.85479
P11032-3,71638_20-22-29-95,50,0.2,1555.46,-76.72845
P11032-3,71638_20-22-29-95,50,0.2,1555.48,-82.90052
P11032-3,71638_20-22-29-95,50,0.2,1555.5,-81.03584
P11032-3,71638_20-22-29-95,50,0.2,1555.52,-76.84449
P11032-3,71638_20-22-29-95,50,0.2,1555.54,-77.85156
P11032-3,71638_20-22-29-95,50,0.2,1555.56,-120
P11032-3,71638_20-22-29-95,50,0.2,1555.58,-81.99902
P11032-3,71638_20-22-29-95,50,0.2,1555.6,-120
P11032-3,71638_20-22-29-95,50,0.2,1555.62,-81.66598
P11032-3,71638_20-22-29-95,50,0.2,1555.64,-120
P11032-3,71638_20-22-29-95,50,0.2,1555.66,-103.2039
P11032-3,71638_20-22-29-95,50,0.2,1555.68,-80.17774
P11032-3,71638_20-22-29-95,50,0.2,1555.7,-120
P11032-3,71638_20-22-29-95,50,0.2,1555.72,-79.33674
P11032-3,71638_20-22-29-95,50,0.2,1555.74,-120
P11032-3,71638_20-22-29-95,50,0.2,1555.76,-120
P11032-3,71638_20-22-29-95,50,0.2,1555.78,-120
P11032-3,71638_20-22-29-95,50,0.2,1555.8,-79.2775
P11032-3,71638_20-22-29-95,50,0.2,1555.82,-120
P11032-3,71638_20-22-29-95,50,0.2,1555.84,-79.92252
P11032-3,71638_20-22-29-95,50,0.2,1555.86,-120
P11032-3,71638_20-22-29-95,50,0.2,1555.88,-84.28408
P11032-3,71638_20-22-29-95,50,0.2,1555.9,-120
P11032-3,71638_20-22-29-95,50,0.2,1555.92,-86.28194
P11032-3,71638_20-22-29-95,50,0.2,1555.94,-80.76135
P11032-3,71638_20-22-29-95,50,0.2,1555.96,-80.15608
P11032-3,71638_20-22-29-95,50,0.2,1555.98,-120
P11032-3,71638_20-22-29-95,50,0.2,1556,-120
P11032-3,71638_20-22-29-95,50,0.2,1556.02,-81.80588
P11032-3,71638_20-22-29-95,50,0.2,1556.04,-120
P11032-3,71638_20-22-29-95,50,0.2,1556.06,-120
P11032-3,71638_20-22-29-95,50,0.2,1556.08,-120
P11032-3,71638_20-22-29-95,50,0.2,1556.1,-77.75985
P11032-3,71638_20-22-29-95,50,0.2,1556.12,-82.69298
P11032-3,71638_20-22-29-95,50,0.2,1556.14,-120
P11032-3,71638_20-22-29-95,50,0.2,1556.16,-79.06578
P11032-3,71638_20-22-29-95,50,0.2,1556.18,-120
P11032-3,71638_20-22-29-95,50,0.2,1556.2,-80.37678
P11032-3,71638_20-22-29-95,50,0.2,1556.22,-120
P11032-3,71638_20-22-29-95,50,0.2,1556.24,-77.63211
P11032-3,71638_20-22-29-95,50,0.2,1556.26,-120
P11032-3,71638_20-22-29-95,50,0.2,1556.28,-82.63524
P11032-3,71638_20-22-29-95,50,0.2,1556.3,-120
P11032-3,71638_20-22-29-95,50,0.2,1556.32,-120
P11032-3,71638_20-22-29-95,50,0.2,1556.34,-78.65504
P11032-3,71638_20-22-29-95,50,0.2,1556.36,-120
P11032-3,71638_20-22-29-95,50,0.2,1556.38,-75.77574
P11032-3,71638_20-22-29-95,50,0.2,1556.4,-94.60171
P11032-3,71638_20-22-29-95,50,0.2,1556.42,-88.32683
P11032-3,71638_20-22-29-95,50,0.2,1556.44,-80.09617
P11032-3,71638_20-22-29-95,50,0.2,1556.46,-78.2333
P11032-3,71638_20-22-29-95,50,0.2,1556.48,-120
P11032-3,71638_20-22-29-95,50,0.2,1556.5,-120
P11032-3,71638_20-22-29-95,50,0.2,1556.52,-98.82066
P11032-3,71638_20-22-29-95,50,0.2,1556.54,-77.89147
P11032-3,71638_20-22-29-95,50,0.2,1556.56,-120
P11032-3,71638_20-22-29-95,50,0.2,1556.58,-78.42846
P11032-3,71638_20-22-29-95,50,0.2,1556.6,-120
P11032-3,71638_20-22-29-95,50,0.2,1556.62,-120
P11032-3,71638_20-22-29-95,50,0.2,1556.64,-94.17823
P11032-3,71638_20-22-29-95,50,0.2,1556.66,-120
P11032-3,71638_20-22-29-95,50,0.2,1556.68,-120
P11032-3,71638_20-22-29-95,50,0.2,1556.7,-120
P11032-3,71638_20-22-29-95,50,0.2,1556.72,-82.4443
P11032-3,71638_20-22-29-95,50,0.2,1556.74,-120
P11032-3,71638_20-22-29-95,50,0.2,1556.76,-79.28486
P11032-3,71638_20-22-29-95,50,0.2,1556.78,-85.25056
P11032-3,71638_20-22-29-95,50,0.2,1556.8,-76.97236
P11032-3,71638_20-22-29-95,50,0.2,1556.82,-90.36401
P11032-3,71638_20-22-29-95,50,0.2,1556.84,-92.8946
P11032-3,71638_20-22-29-95,50,0.2,1556.86,-79.92252
P11032-3,71638_20-22-29-95,50,0.2,1556.88,-79.42334
P11032-3,71638_20-22-29-95,50,0.2,1556.9,-120
P11032-3,71638_20-22-29-95,50,0.2,1556.92,-88.86391
P11032-3,71638_20-22-29-95,50,0.2,1556.94,-77.29554
P11032-3,71638_20-22-29-95,50,0.2,1556.96,-120
P11032-3,71638_20-22-29-95,50,0.2,1556.98,-80.2678
P11032-3,71638_20-22-29-95,50,0.2,1557,-79.53895
P11032-3,71638_20-22-29-95,50,0.2,1557.02,-78.65186
P11032-3,71638_20-22-29-95,50,0.2,1557.04,-120
P11032-3,71638_20-22-29-95,50,0.2,1557.06,-120
P11032-3,71638_20-22-29-95,50,0.2,1557.08,-77.6904
P11032-3,71638_20-22-29-95,50,0.2,1557.1,-120
P11032-3,71638_20-22-29-95,50,0.2,1557.12,-120
P11032-3,71638_20-22-29-95,50,0.2,1557.14,-76.68168
P11032-3,71638_20-22-29-95,50,0.2,1557.16,-120
P11032-3,71638_20-22-29-95,50,0.2,1557.18,-77.91827
P11032-3,71638_20-22-29-95,50,0.2,1557.2,-74.71855
P11032-3,71638_20-22-29-95,50,0.2,1557.22,-96.01366
P11032-3,71638_20-22-29-95,50,0.2,1557.24,-81.32356
P11032-3,71638_20-22-29-95,50,0.2,1557.26,-81.75874
P11032-3,71638_20-22-29-95,50,0.2,1557.28,-120
P11032-3,71638_20-22-29-95,50,0.2,1557.3,-80.12647
P11032-3,71638_20-22-29-95,50,0.2,1557.32,-120
P11032-3,71638_20-22-29-95,50,0.2,1557.34,-120
P11032-3,71638_20-22-29-95,50,0.2,1557.36,-78.70955
P11032-3,71638_20-22-29-95,50,0.2,1557.38,-81.00289
P11032-3,71638_20-22-29-95,50,0.2,1557.4,-120
P11032-3,71638_20-22-29-95,50,0.2,1557.42,-76.79646
P11032-3,71638_20-22-29-95,50,0.2,1557.44,-80.37205
P11032-3,71638_20-22-29-95,50,0.2,1557.46,-80.46337
P11032-3,71638_20-22-29-95,50,0.2,1557.48,-120
P11032-3,71638_20-22-29-95,50,0.2,1557.5,-77.30487
P11032-3,71638_20-22-29-95,50,0.2,1557.52,-120
P11032-3,71638_20-22-29-95,50,0.2,1557.54,-120
P11032-3,71638_20-22-29-95,50,0.2,1557.56,-78.4863
P11032-3,71638_20-22-29-95,50,0.2,1557.58,-120
P11032-3,71638_20-22-29-95,50,0.2,1557.6,-80.89909
P11032-3,71638_20-22-29-95,50,0.2,1557.62,-79.93962
P11032-3,71638_20-22-29-95,50,0.2,1557.64,-88.78769
P11032-3,71638_20-22-29-95,50,0.2,1557.66,-77.01147
P11032-3,71638_20-22-29-95,50,0.2,1557.68,-88.59492
P11032-3,71638_20-22-29-95,50,0.2,1557.7,-120
P11032-3,71638_20-22-29-95,50,0.2,1557.72,-78.38932
P11032-3,71638_20-22-29-95,50,0.2,1557.74,-120
P11032-3,71638_20-22-29-95,50,0.2,1557.76,-120
P11032-3,71638_20-22-29-95,50,0.2,1557.78,-120
P11032-3,71638_20-22-29-95,50,0.2,1557.8,-120
P11032-3,71638_20-22-29-95,50,0.2,1557.82,-79.56245
P11032-3,71638_20-22-29-95,50,0.2,1557.84,-83.22028
P11032-3,71638_20-22-29-95,50,0.2,1557.86,-78.42543
P11032-3,71638_20-22-29-95,50,0.2,1557.88,-120
P11032-3,71638_20-22-29-95,50,0.2,1557.9,-120
P11032-3,71638_20-22-29-95,50,0.2,1557.92,-120
P11032-3,71638_20-22-29-95,50,0.2,1557.94,-120
P11032-3,71638_20-22-29-95,50,0.2,1557.96,-78.89747
P11032-3,71638_20-22-29-95,50,0.2,1557.98,-79.88853
P11032-3,71638_20-22-29-95,50,0.2,1558,-82.32177
P11032-3,71638_20-22-29-95,50,0.2,1558.02,-81.15261
P11032-3,71638_20-22-29-95,50,0.2,1558.04,-120
P11032-3,71638_20-22-29-95,50,0.2,1558.06,-120
P11032-3,71638_20-22-29-95,50,0.2,1558.08,-120
P11032-3,71638_20-22-29-95,50,0.2,1558.1,-120
P11032-3,71638_20-22-29-95,50,0.2,1558.12,-120
P11032-3,71638_20-22-29-95,50,0.2,1558.14,-120
P11032-3,71638_20-22-29-95,50,0.2,1558.16,-86.8382
P11032-3,71638_20-22-29-95,50,0.2,1558.18,-120
P11032-3,71638_20-22-29-95,50,0.2,1558.2,-78.40734
P11032-3,71638_20-22-29-95,50,0.2,1558.22,-120
P11032-3,71638_20-22-29-95,50,0.2,1558.24,-79.12219
P11032-3,71638_20-22-29-95,50,0.2,1558.26,-78.96196
P11032-3,71638_20-22-29-95,50,0.2,1558.28,-120
P11032-3,71638_20-22-29-95,50,0.2,1558.3,-120
P11032-3,71638_20-22-29-95,50,0.2,1558.32,-120
P11032-3,71638_20-22-29-95,50,0.2,1558.34,-80.70224
P11032-3,71638_20-22-29-95,50,0.2,1558.36,-75.38501
P11032-3,71638_20-22-29-95,50,0.2,1558.38,-77.47147
P11032-3,71638_20-22-29-95,50,0.2,1558.4,-120
P11032-3,71638_20-22-29-95,50,0.2,1558.42,-87.42561
P11032-3,71638_20-22-29-95,50,0.2,1558.44,-120
P11032-3,71638_20-22-29-95,50,0.2,1558.46,-120
P11032-3,71638_20-22-29-95,50,0.2,1558.48,-120
P11032-3,71638_20-22-29-95,50,0.2,1558.5,-82.17026
P11032-3,71638_20-22-29-95,50,0.2,1558.52,-120
P11032-3,71638_20-22-29-95,50,0.2,1558.54,-120
P11032-3,71638_20-22-29-95,50,0.2,1558.56,-86.10834
P11032-3,71638_20-22-29-95,50,0.2,1558.58,-83.02335
P11032-3,71638_20-22-29-95,50,0.2,1558.6,-120
P11032-3,71638_20-22-29-95,50,0.2,1558.62,-79.97402
P11032-3,71638_20-22-29-95,50,0.2,1558.64,-85.70571
P11032-3,71638_20-22-29-95,50,0.2,1558.66,-120
P11032-3,71638_20-22-29-95,50,0.2,1558.68,-86.62142
P11032-3,71638_20-22-29-95,50,0.2,1558.7,-120
P11032-3,71638_20-22-29-95,50,0.2,1558.72,-120
P11032-3,71638_20-22-29-95,50,0.2,1558.74,-120
P11032-3,71638_20-22-29-95,50,0.2,1558.76,-79.92679
P11032-3,71638_20-22-29-95,50,0.2,1558.78,-120
P11032-3,71638_20-22-29-95,50,0.2,1558.8,-78.41939
P11032-3,71638_20-22-29-95,50,0.2,1558.82,-79.55852
P11032-3,71638_20-22-29-95,50,0.2,1558.84,-120
P11032-3,71638_20-22-29-95,50,0.2,1558.86,-81.143
P11032-3,71638_20-22-29-95,50,0.2,1558.88,-120
P11032-3,71638_20-22-29-95,50,0.2,1558.9,-79.31814
P11032-3,71638_20-22-29-95,50,0.2,1558.92,-120
P11032-3,71638_20-22-29-95,50,0.2,1558.94,-120
P11032-3,71638_20-22-29-95,50,0.2,1558.96,-120
P11032-3,71638_20-22-29-95,50,0.2,1558.98,-120
P11032-3,71638_20-22-29-95,50,0.2,1559,-86.30228
P11032-3,71638_20-22-29-95,50,0.2,1559.02,-80.1927
P11032-3,71638_20-22-29-95,50,0.2,1559.04,-83.85419
P11032-3,71638_20-22-29-95,50,0.2,1559.06,-120
P11032-3,71638_20-22-29-95,50,0.2,1559.08,-80.55271
P11032-3,71638_20-22-29-95,50,0.2,1559.1,-120
P11032-3,71638_20-22-29-95,50,0.2,1559.12,-76.30228
P11032-3,71638_20-22-29-95,50,0.2,1559.14,-120
P11032-3,71638_20-22-29-95,50,0.2,1559.16,-120
P11032-3,71638_20-22-29-95,50,0.2,1559.18,-87.97512
P11032-3,71638_20-22-29-95,50,0.2,1559.2,-120
P11032-3,71638_20-22-29-95,50,0.2,1559.22,-82.37922
P11032-3,71638_20-22-29-95,50,0.2,1559.24,-120
P11032-3,71638_20-22-29-95,50,0.2,1559.26,-85.6671
P11032-3,71638_20-22-29-95,50,0.2,1559.28,-120
P11032-3,71638_20-22-29-95,50,0.2,1559.3,-78.13609
P11032-3,71638_20-22-29-95,50,0.2,1559.32,-77.65736
P11032-3,71638_20-22-29-95,50,0.2,1559.34,-120
P11032-3,71638_20-22-29-95,50,0.2,1559.36,-84.10385
P11032-3,71638_20-22-29-95,50,0.2,1559.38,-120
P11032-3,71638_20-22-29-95,50,0.2,1559.4,-79.97834
P11032-3,71638_20-22-29-95,50,0.2,1559.42,-120
P11032-3,71638_20-22-29-95,50,0.2,1559.44,-80.52174
P11032-3,71638_20-22-29-95,50,0.2,1559.46,-83.50957
P11032-3,71638_20-22-29-95,50,0.2,1559.48,-120
P11032-3,71638_20-22-29-95,50,0.2,1559.5,-91.54034
P11032-3,71638_20-22-29-95,50,0.2,1559.52,-80.17503
P11032-3,71638_20-22-29-95,50,0.2,1559.54,-120
P11032-3,71638_20-22-29-95,50,0.2,1559.56,-86.06952
P11032-3,71638_20-22-29-95,50,0.2,1559.58,-120
P11032-3,71638_20-22-29-95,50,0.2,1559.6,-85.57834
P11032-3,71638_20-22-29-95,50,0.2,1559.62,-103.2285
P11032-3,71638_20-22-29-95,50,0.2,1559.64,-120
P11032-3,71638_20-22-29-95,50,0.2,1559.66,-81.32533
P11032-3,71638_20-22-29-95,50,0.2,1559.68,-85.46682
P11032-3,71638_20-22-29-95,50,0.2,1559.7,-81.09355
P11032-3,71638_20-22-29-95,50,0.2,1559.72,-89.75514
P11032-3,71638_20-22-29-95,50,0.2,1559.74,-120
P11032-3,71638_20-22-29-95,50,0.2,1559.76,-85.67031
P11032-3,71638_20-22-29-95,50,0.2,1559.78,-76.5014
P11032-3,71638_20-22-29-95,50,0.2,1559.8,-120
P11032-3,71638_20-22-29-95,50,0.2,1559.82,-83.46305
P11032-3,71638_20-22-29-95,50,0.2,1559.84,-120
P11032-3,71638_20-22-29-95,50,0.2,1559.86,-77.06196
P11032-3,71638_20-22-29-95,50,0.2,1559.88,-92.34704
P11032-3,71638_20-22-29-95,50,0.2,1559.9,-120
P11032-3,71638_20-22-29-95,50,0.2,1559.92,-79.11155
P11032-3,71638_20-22-29-95,50,0.2,1559.94,-81.66789
P11032-3,71638_20-22-29-95,50,0.2,1559.96,-78.95172
P11032-3,71638_20-22-29-95,50,0.2,1559.98,-120
P11032-3,71638_20-22-29-95,50,0.2,1560,-80.89856
P11032-3,71638_20-22-29-95,50,0.2,1560.02,-120
P11032-3,71638_20-22-29-95,50,0.2,1560.04,-120
P11032-3,71638_20-22-29-95,50,0.2,1560.06,-120
P11032-3,71638_20-22-29-95,50,0.2,1560.08,-77.80154
P11032-3,71638_20-22-29-95,50,0.2,1560.1,-120
P11032-3,71638_20-22-29-95,50,0.2,1560.12,-120
P11032-3,71638_20-22-29-95,50,0.2,1560.14,-79.78811
P11032-3,71638_20-22-29-95,50,0.2,1560.16,-120
P11032-3,71638_20-22-29-95,50,0.2,1560.18,-120
P11032-3,71638_20-22-29-95,50,0.2,1560.2,-76.35074
P11032-3,71638_20-22-29-95,50,0.2,1560.22,-120
P11032-3,71638_20-22-29-95,50,0.2,1560.24,-89.04134
P11032-3,71638_20-22-29-95,50,0.2,1560.26,-83.03818
P11032-3,71638_20-22-29-95,50,0.2,1560.28,-78.98597
P11032-3,71638_20-22-29-95,50,0.2,1560.3,-120
P11032-3,71638_20-22-29-95,50,0.2,1560.32,-82.19539
P11032-3,71638_20-22-29-95,50,0.2,1560.34,-86.05373
P11032-3,71638_20-22-29-95,50,0.2,1560.36,-83.93941
P11032-3,71638_20-22-29-95,50,0.2,1560.38,-120
P11032-3,71638_20-22-29-95,50,0.2,1560.4,-83.50957
P11032-3,71638_20-22-29-95,50,0.2,1560.42,-120
P11032-3,71638_20-22-29-95,50,0.2,1560.44,-120
P11032-3,71638_20-22-29-95,50,0.2,1560.46,-83.88914
P11032-3,71638_20-22-29-95,50,0.2,1560.48,-78.54804
P11032-3,71638_20-22-29-95,50,0.2,1560.5,-86.80062
P11032-3,71638_20-22-29-95,50,0.2,1560.52,-98.84389
P11032-3,71638_20-22-29-95,50,0.2,1560.54,-84.76644
P11032-3,71638_20-22-29-95,50,0.2,1560.56,-120
P11032-3,71638_20-22-29-95,50,0.2,1560.58,-91.25982
P11032-3,71638_20-22-29-95,50,0.2,1560.6,-120
P11032-3,71638_20-22-29-95,50,0.2,1560.62,-85.85528
P11032-3,71638_20-22-29-95,50,0.2,1560.64,-78.72895
P11032-3,71638_20-22-29-95,50,0.2,1560.66,-78.94831
P11032-3,71638_20-22-29-95,50,0.2,1560.68,-80.70837
P11032-3,71638_20-22-29-95,50,0.2,1560.7,-83.23672
P11032-3,71638_20-22-29-95,50,0.2,1560.72,-120
P11032-3,71638_20-22-29-95,50,0.2,1560.74,-78.29445
P11032-3,71638_20-22-29-95,50,0.2,1560.76,-120
P11032-3,71638_20-22-29-95,50,0.2,1560.78,-120
P11032-3,71638_20-22-29-95,50,0.2,1560.8,-120
P11032-3,71638_20-22-29-95,50,0.2,1560.82,-83.18759
P11032-3,71638_20-22-29-95,50,0.2,1560.84,-120
P11032-3,71638_20-22-29-95,50,0.2,1560.86,-80.20862
P11032-3,71638_20-22-29-95,50,0.2,1560.88,-120
P11032-3,71638_20-22-29-95,50,0.2,1560.9,-120
P11032-3,71638_20-22-29-95,50,0.2,1560.92,-120
P11032-3,71638_20-22-29-95,50,0.2,1560.94,-120
P11032-3,71638_20-22-29-95,50,0.2,1560.96,-79.34794
P11032-3,71638_20-22-29-95,50,0.2,1560.98,-120
P11032-3,71638_20-22-29-95,50,0.2,1561,-120
P11032-3,71638_20-22-29-95,50,0.2,1561.02,-120
P11032-3,71638_20-22-29-95,50,0.2,1561.04,-81.47642
P11032-3,71638_20-22-29-95,50,0.2,1561.06,-103.245
P11032-3,71638_20-22-29-95,50,0.2,1561.08,-120
P11032-3,71638_20-22-29-95,50,0.2,1561.1,-120
P11032-3,71638_20-22-29-95,50,0.2,1561.12,-120
P11032-3,71638_20-22-29-95,50,0.2,1561.14,-120
P11032-3,71638_20-22-29-95,50,0.2,1561.16,-120
P11032-3,71638_20-22-29-95,50,0.2,1561.18,-120
P11032-3,71638_20-22-29-95,50,0.2,1561.2,-120
P11032-3,71638_20-22-29-95,50,0.2,1561.22,-80.82705
P11032-3,71638_20-22-29-95,50,0.2,1561.24,-120
P11032-3,71638_20-22-29-95,50,0.2,1561.26,-120
P11032-3,71638_20-22-29-95,50,0.2,1561.28,-120
P11032-3,71638_20-22-29-95,50,0.2,1561.3,-74.95937
P11032-3,71638_20-22-29-95,50,0.2,1561.32,-86.57577
P11032-3,71638_20-22-29-95,50,0.2,1561.34,-120
P11032-3,71638_20-22-29-95,50,0.2,1561.36,-82.12681
P11032-3,71638_20-22-29-95,50,0.2,1561.38,-76.03452
P11032-3,71638_20-22-29-95,50,0.2,1561.4,-120
P11032-3,71638_20-22-29-95,50,0.2,1561.42,-120
P11032-3,71638_20-22-29-95,50,0.2,1561.44,-120
P11032-3,71638_20-22-29-95,50,0.2,1561.46,-77.8728
P11032-3,71638_20-22-29-95,50,0.2,1561.48,-120
P11032-3,71638_20-22-29-95,50,0.2,1561.5,-79.48462
P11032-3,71638_20-22-29-95,50,0.2,1561.52,-78.01893
P11032-3,71638_20-22-29-95,50,0.2,1561.54,-120
P11032-3,71638_20-22-29-95,50,0.2,1561.56,-84.41772
P11032-3,71638_20-22-29-95,50,0.2,1561.58,-79.4424
P11032-3,71638_20-22-29-95,50,0.2,1561.6,-120
P11032-3,71638_20-22-29-95,50,0.2,1561.62,-120
P11032-3,71638_20-22-29-95,50,0.2,1561.64,-80.0674
P11032-3,71638_20-22-29-95,50,0.2,1561.66,-120
P11032-3,71638_20-22-29-95,50,0.2,1561.68,-120
P11032-3,71638_20-22-29-95,50,0.2,1561.7,-76.53451
P11032-3,71638_20-22-29-95,50,0.2,1561.72,-76.49558
P11032-3,71638_20-22-29-95,50,0.2,1561.74,-120
P11032-3,71638_20-22-29-95,50,0.2,1561.76,-84.55064
P11032-3,71638_20-22-29-95,50,0.2,1561.78,-88.10791
P11032-3,71638_20-22-29-95,50,0.2,1561.8,-120
P11032-3,71638_20-22-29-95,50,0.2,1561.82,-80.50415
P11032-3,71638_20-22-29-95,50,0.2,1561.84,-85.12862
P11032-3,71638_20-22-29-95,50,0.2,1561.86,-80.16058
P11032-3,71638_20-22-29-95,50,0.2,1561.88,-95.13711
P11032-3,71638_20-22-29-95,50,0.2,1561.9,-120
P11032-3,71638_20-22-29-95,50,0.2,1561.92,-79.36291
P11032-3,71638_20-22-29-95,50,0.2,1561.94,-120
P11032-3,71638_20-22-29-95,50,0.2,1561.96,-78.46795
P11032-3,71638_20-22-29-95,50,0.2,1561.98,-120
P11032-3,71638_20-22-29-95,50,0.2,1562,-120
P11032-3,71638_20-22-29-95,50,0.2,1562.02,-78.13609
P11032-3,71638_20-22-29-95,50,0.2,1562.04,-120
P11032-3,71638_20-22-29-95,50,0.2,1562.06,-79.0518
P11032-3,71638_20-22-29-95,50,0.2,1562.08,-77.1108
P11032-3,71638_20-22-29-95,50,0.2,1562.1,-83.56153
P11032-3,71638_20-22-29-95,50,0.2,1562.12,-120
P11032-3,71638_20-22-29-95,50,0.2,1562.14,-120
P11032-3,71638_20-22-29-95,50,0.2,1562.16,-120
P11032-3,71638_20-22-29-95,50,0.2,1562.18,-120
P11032-3,71638_20-22-29-95,50,0.2,1562.2,-120
P11032-3,71638_20-22-29-95,50,0.2,1562.22,-88.64867
P11032-3,71638_20-22-29-95,50,0.2,1562.24,-81.65579
P11032-3,71638_20-22-29-95,50,0.2,1562.26,-79.80053
P11032-3,71638_20-22-29-95,50,0.2,1562.28,-120
P11032-3,71638_20-22-29-95,50,0.2,1562.3,-78.7517
P11032-3,71638_20-22-29-95,50,0.2,1562.32,-81.01385
P11032-3,71638_20-22-29-95,50,0.2,1562.34,-82.909
P11032-3,71638_20-22-29-95,50,0.2,1562.36,-120
P11032-3,71638_20-22-29-95,50,0.2,1562.38,-120
P11032-3,71638_20-22-29-95,50,0.2,1562.4,-120
P11032-3,71638_20-22-29-95,50,0.2,1562.42,-82.37022
P11032-3,71638_20-22-29-95,50,0.2,1562.44,-78.4649
P11032-3,71638_20-22-29-95,50,0.2,1562.46,-83.46981
P11032-3,71638_20-22-29-95,50,0.2,1562.48,-82.61616
P11032-3,71638_20-22-29-95,50,0.2,1562.5,-120
P11032-3,71638_20-22-29-95,50,0.2,1562.52,-76.33764
P11032-3,71638_20-22-29-95,50,0.2,1562.54,-120
P11032-3,71638_20-22-29-95,50,0.2,1562.56,-83.87004
P11032-3,71638_20-22-29-95,50,0.2,1562.58,-76.37518
P11032-3,71638_20-22-29-95,50,0.2,1562.6,-78.30032
P11032-3,71638_20-22-29-95,50,0.2,1562.62,-81.53354
P11032-3,71638_20-22-29-95,50,0.2,1562.64,-91.72695
P11032-3,71638_20-22-29-95,50,0.2,1562.66,-78.3654
P11032-3,71638_20-22-29-95,50,0.2,1562.68,-79.51558
P11032-3,71638_20-22-29-95,50,0.2,1562.7,-120
P11032-3,71638_20-22-29-95,50,0.2,1562.72,-120
P11032-3,71638_20-22-29-95,50,0.2,1562.74,-120
P11032-3,71638_20-22-29-95,50,0.2,1562.76,-76.84449
P11032-3,71638_20-22-29-95,50,0.2,1562.78,-120
P11032-3,71638_20-22-29-95,50,0.2,1562.8,-120
P11032-3,71638_20-22-29-95,50,0.2,1562.82,-120
P11032-3,71638_20-22-29-95,50,0.2,1562.84,-87.02458
P11032-3,71638_20-22-29-95,50,0.2,1562.86,-88.30914
P11032-3,71638_20-22-29-95,50,0.2,1562.88,-120
P11032-3,71638_20-22-29-95,50,0.2,1562.9,-86.4859
P11032-3,71638_20-22-29-95,50,0.2,1562.92,-120
P11032-3,71638_20-22-29-95,50,0.2,1562.94,-83.26518
P11032-3,71638_20-22-29-95,50,0.2,1562.96,-77.44727
P11032-3,71638_20-22-29-95,50,0.2,1562.98,-86.199700000000007
P11032-3,71638_20-22-29-95,50,0.2,1563,-82.75151
P11032-3,71638_20-22-29-95,50,0.2,1563.02,-120
P11032-3,71638_20-22-29-95,50,0.2,1563.04,-120
P11032-3,71638_20-22-29-95,50,0.2,1563.06,-120
P11032-3,71638_20-22-29-95,50,0.2,1563.08,-120
P11032-3,71638_20-22-29-95,50,0.2,1563.1,-91.07405
P11032-3,71638_20-22-29-95,50,0.2,1563.12,-89.27015
P11032-3,71638_20-22-29-95,50,0.2,1563.14,-120
P11032-3,71638_20-22-29-95,50,0.2,1563.16,-120
P11032-3,71638_20-22-29-95,50,0.2,1563.18,-78.51089
P11032-3,71638_20-22-29-95,50,0.2,1563.2,-120
P11032-3,71638_20-22-29-95,50,0.2,1563.22,-84.68777
P11032-3,71638_20-22-29-95,50,0.2,1563.24,-84.08157
P11032-3,71638_20-22-29-95,50,0.2,1563.26,-120
P11032-3,71638_20-22-29-95,50,0.2,1563.28,-120
P11032-3,71638_20-22-29-95,50,0.2,1563.3,-120
P11032-3,71638_20-22-29-95,50,0.2,1563.32,-120
P11032-3,71638_20-22-29-95,50,0.2,1563.34,-78.85723
P11032-3,71638_20-22-29-95,50,0.2,1563.36,-120
P11032-3,71638_20-22-29-95,50,0.2,1563.38,-120
P11032-3,71638_20-22-29-95,50,0.2,1563.4,-89.0518
P11032-3,71638_20-22-29-95,50,0.2,1563.42,-120
P11032-3,71638_20-22-29-95,50,0.2,1563.44,-120
P11032-3,71638_20-22-29-95,50,0.2,1563.46,-78.27981
P11032-3,71638_20-22-29-95,50,0.2,1563.48,-120
P11032-3,71638_20-22-29-95,50,0.2,1563.5,-120
P11032-3,71638_20-22-29-95,50,0.2,1563.52,-80.10328
P11032-3,71638_20-22-29-95,50,0.2,1563.54,-81.10866
P11032-3,71638_20-22-29-95,50,0.2,1563.56,-77.21704
P11032-3,71638_20-22-29-95,50,0.2,1563.58,-120
P11032-3,71638_20-22-29-95,50,0.2,1563.6,-82.78437
P11032-3,71638_20-22-29-95,50,0.2,1563.62,-83.81743
P11032-3,71638_20-22-29-95,50,0.2,1563.64,-120
P11032-3,71638_20-22-29-95,50,0.2,1563.66,-78.01343
P11032-3,71638_20-22-29-95,50,0.2,1563.68,-120
P11032-3,71638_20-22-29-95,50,0.2,1563.7,-120
P11032-3,71638_20-22-29-95,50,0.2,1563.72,-93.81324
P11032-3,71638_20-22-29-95,50,0.2,1563.74,-120
P11032-3,71638_20-22-29-95,50,0.2,1563.76,-78.58864
P11032-3,71638_20-22-29-95,50,0.2,1563.78,-120
P11032-3,71638_20-22-29-95,50,0.2,1563.8,-120
P11032-3,71638_20-22-29-95,50,0.2,1563.82,-120
P11032-3,71638_20-22-29-95,50,0.2,1563.84,-120
P11032-3,71638_20-22-29-95,50,0.2,1563.86,-120
P11032-3,71638_20-22-29-95,50,0.2,1563.88,-75.75608
P11032-3,71638_20-22-29-95,50,0.2,1563.9,-82.83496
P11032-3,71638_20-22-29-95,50,0.2,1563.92,-83.11135
P11032-3,71638_20-22-29-95,50,0.2,1563.94,-120
P11032-3,71638_20-22-29-95,50,0.2,1563.96,-120
P11032-3,71638_20-22-29-95,50,0.2,1563.98,-120
P11032-3,71638_20-22-29-95,50,0.2,1564,-81.67874
P11032-3,71638_20-22-29-95,50,0.2,1564.02,-84.93224
P11032-3,71638_20-22-29-95,50,0.2,1564.04,-79.31072
P11032-3,71638_20-22-29-95,50,0.2,1564.06,-92.91069
P11032-3,71638_20-22-29-95,50,0.2,1564.08,-86.69383
P11032-3,71638_20-22-29-95,50,0.2,1564.1,-77.74432
P11032-3,71638_20-22-29-95,50,0.2,1564.12,-86.066
P11032-3,71638_20-22-29-95,50,0.2,1564.14,-120
P11032-3,71638_20-22-29-95,50,0.2,1564.16,-120
P11032-3,71638_20-22-29-95,50,0.2,1564.18,-82.08169
P11032-3,71638_20-22-29-95,50,0.2,1564.2,-89.0309
P11032-3,71638_20-22-29-95,50,0.2,1564.22,-120
P11032-3,71638_20-22-29-95,50,0.2,1564.24,-120
P11032-3,71638_20-22-29-95,50,0.2,1564.26,-120
P11032-3,71638_20-22-29-95,50,0.2,1564.28,-80.44408
P11032-3,71638_20-22-29-95,50,0.2,1564.3,-86.8382
P11032-3,71638_20-22-29-95,50,0.2,1564.32,-77.32125
P11032-3,71638_20-22-29-95,50,0.2,1564.34,-120
P11032-3,71638_20-22-29-95,50,0.2,1564.36,-120
P11032-3,71638_20-22-29-95,50,0.2,1564.38,-82.61933
P11032-3,71638_20-22-29-95,50,0.2,1564.4,-120
P11032-3,71638_20-22-29-95,50,0.2,1564.42,-77.32594
P11032-3,71638_20-22-29-95,50,0.2,1564.44,-82.30032
P11032-3,71638_20-22-29-95,50,0.2,1564.46,-120
P11032-3,71638_20-22-29-95,50,0.2,1564.48,-84.62811
P11032-3,71638_20-22-29-95,50,0.2,1564.5,-86.18344
P11032-3,71638_20-22-29-95,50,0.2,1564.52,-78.80414
P11032-3,71638_20-22-29-95,50,0.2,1564.54,-120
P11032-3,71638_20-22-29-95,50,0.2,1564.56,-79.67381
P11032-3,71638_20-22-29-95,50,0.2,1564.58,-120
P11032-3,71638_20-22-29-95,50,0.2,1564.6,-77.44727
P11032-3,71638_20-22-29-95,50,0.2,1564.62,-120
P11032-3,71638_20-22-29-95,50,0.2,1564.64,-92.24754
P11032-3,71638_20-22-29-95,50,0.2,1564.66,-77.4739
P11032-3,71638_20-22-29-95,50,0.2,1564.68,-79.83803
P11032-3,71638_20-22-29-95,50,0.2,1564.7,-120
P11032-3,71638_20-22-29-95,50,0.2,1564.72,-120
P11032-3,71638_20-22-29-95,50,0.2,1564.74,-75.59248
P11032-3,71638_20-22-29-95,50,0.2,1564.76,-80.52762
P11032-3,71638_20-22-29-95,50,0.2,1564.78,-120
P11032-3,71638_20-22-29-95,50,0.2,1564.8,-120
P11032-3,71638_20-22-29-95,50,0.2,1564.82,-120
P11032-3,71638_20-22-29-95,50,0.2,1564.84,-120
P11032-3,71638_20-22-29-95,50,0.2,1564.86,-120
P11032-3,71638_20-22-29-95,50,0.2,1564.88,-120
P11032-3,71638_20-22-29-95,50,0.2,1564.9,-120
P11032-3,71638_20-22-29-95,50,0.2,1564.92,-120
P11032-3,71638_20-22-29-95,50,0.2,1564.94,-82.59085
P11032-3,71638_20-22-29-95,50,0.2,1564.96,-120
P11032-3,71638_20-22-29-95,50,0.2,1564.98,-89.46537
P11032-3,71638_20-22-29-95,50,0.2,1565,-120
P11032-3,71638_20-22-29-95,50,0.2,1565.02,-120
P11032-3,71638_20-22-29-95,50,0.2,1565.04,-120
P11032-3,71638_20-22-29-95,50,0.2,1565.06,-76.08536
P11032-3,71638_20-22-29-95,50,0.2,1565.08,-83.6271
P11032-3,71638_20-22-29-95,50,0.2,1565.1,-77.21704
P11032-3,71638_20-22-29-95,50,0.2,1565.12,-77.51291
P11032-3,71638_20-22-29-95,50,0.2,1565.14,-120
P11032-3,71638_20-22-29-95,50,0.2,1565.16,-120
P11032-3,71638_20-22-29-95,50,0.2,1565.18,-120
P11032-3,71638_20-22-29-95,50,0.2,1565.2,-76.89094
P11032-3,71638_20-22-29-95,50,0.2,1565.22,-120
P11032-3,71638_20-22-29-95,50,0.2,1565.24,-120
P11032-3,71638_20-22-29-95,50,0.2,1565.26,-120
P11032-3,71638_20-22-29-95,50,0.2,1565.28,-76.79854
P11032-3,71638_20-22-29-95,50,0.2,1565.3,-79.59793
P11032-3,71638_20-22-29-95,50,0.2,1565.32,-120
P11032-3,71638_20-22-29-95,50,0.2,1565.34,-77.76245
P11032-3,71638_20-22-29-95,50,0.2,1565.36,-95.62091
P11032-3,71638_20-22-29-95,50,0.2,1565.38,-120
P11032-3,71638_20-22-29-95,50,0.2,1565.4,-120
P11032-3,71638_20-22-29-95,50,0.2,1565.42,-120
P11032-3,71638_20-22-29-95,50,0.2,1565.44,-78.22464
P11032-3,71638_20-22-29-95,50,0.2,1565.46,-120
P11032-3,71638_20-22-29-95,50,0.2,1565.48,-78.12761
P11032-3,71638_20-22-29-95,50,0.2,1565.5,-120
P11032-3,71638_20-22-29-95,50,0.2,1565.52,-83.82161
P11032-3,71638_20-22-29-95,50,0.2,1565.54,-78.33274
P11032-3,71638_20-22-29-95,50,0.2,1565.56,-78.65186
P11032-3,71638_20-22-29-95,50,0.2,1565.58,-85.85361
P11032-3,71638_20-22-29-95,50,0.2,1565.6,-85.05567
P11032-3,71638_20-22-29-95,50,0.2,1565.62,-79.72243
P11032-3,71638_20-22-29-95,50,0.2,1565.64,-79.00319
P11032-3,71638_20-22-29-95,50,0.2,1565.66,-85.60194
P11032-3,71638_20-22-29-95,50,0.2,1565.68,-78.26522
P11032-3,71638_20-22-29-95,50,0.2,1565.7,-120
P11032-3,71638_20-22-29-95,50,0.2,1565.72,-81.21593
P11032-3,71638_20-22-29-95,50,0.2,1565.74,-96.01713
P11032-3,71638_20-22-29-95,50,0.2,1565.76,-120
P11032-3,71638_20-22-29-95,50,0.2,1565.78,-81.07516
P11032-3,71638_20-22-29-95,50,0.2,1565.8,-120
P11032-3,71638_20-22-29-95,50,0.2,1565.82,-120
P11032-3,71638_20-22-29-95,50,0.2,1565.84,-86.98536
P11032-3,71638_20-22-29-95,50,0.2,1565.86,-76.47239
P11032-3,71638_20-22-29-95,50,0.2,1565.88,-120
P11032-3,71638_20-22-29-95,50,0.2,1565.9,-120
P11032-3,71638_20-22-29-95,50,0.2,1565.92,-79.28486
P11032-3,71638_20-22-29-95,50,0.2,1565.94,-79.00319
P11032-3,71638_20-22-29-95,50,0.2,1565.96,-82.2127
P11032-3,71638_20-22-29-95,50,0.2,1565.98,-89.06929
P11032-3,71638_20-22-29-95,50,0.2,1566,-79.60586
P11032-3,71638_20-22-29-95,50,0.2,1566.02,-79.36667
P11032-3,71638_20-22-29-95,50,0.2,1566.04,-84.89187
P11032-3,71638_20-22-29-95,50,0.2,1566.06,-120
P11032-3,71638_20-22-29-95,50,0.2,1566.08,-75.76099
P11032-3,71638_20-22-29-95,50,0.2,1566.1,-120
P11032-3,71638_20-22-29-95,50,0.2,1566.12,-120
P11032-3,71638_20-22-29-95,50,0.2,1566.14,-120
P11032-3,71638_20-22-29-95,50,0.2,1566.16,-120
P11032-3,71638_20-22-29-95,50,0.2,1566.18,-81.09467
P11032-3,71638_20-22-29-95,50,0.2,1566.2,-120
P11032-3,71638_20-22-29-95,50,0.2,1566.22,-78.30032
P11032-3,71638_20-22-29-95,50,0.2,1566.24,-120
P11032-3,71638_20-22-29-95,50,0.2,1566.26,-76.39217
P11032-3,71638_20-22-29-95,50,0.2,1566.28,-120
P11032-3,71638_20-22-29-95,50,0.2,1566.3,-79.53505
P11032-3,71638_20-22-29-95,50,0.2,1566.32,-84.32033
P11032-3,71638_20-22-29-95,50,0.2,1566.34,-91.82964
P11032-3,71638_20-22-29-95,50,0.2,1566.36,-120
P11032-3,71638_20-22-29-95,50,0.2,1566.38,-120
P11032-3,71638_20-22-29-95,50,0.2,1566.4,-87.16699
P11032-3,71638_20-22-29-95,50,0.2,1566.42,-120
P11032-3,71638_20-22-29-95,50,0.2,1566.44,-120
P11032-3,71638_20-22-29-95,50,0.2,1566.46,-120
P11032-3,71638_20-22-29-95,50,0.2,1566.48,-120
P11032-3,71638_20-22-29-95,50,0.2,1566.5,-81.76656
P11032-3,71638_20-22-29-95,50,0.2,1566.52,-79.92252
P11032-3,71638_20-22-29-95,50,0.2,1566.54,-120
P11032-3,71638_20-22-29-95,50,0.2,1566.56,-120
P11032-3,71638_20-22-29-95,50,0.2,1566.58,-81.79864
P11032-3,71638_20-22-29-95,50,0.2,1566.6,-77.6853
P11032-3,71638_20-22-29-95,50,0.2,1566.62,-120
P11032-3,71638_20-22-29-95,50,0.2,1566.64,-120
P11032-3,71638_20-22-29-95,50,0.2,1566.66,-120
P11032-3,71638_20-22-29-95,50,0.2,1566.68,-77.47632
P11032-3,71638_20-22-29-95,50,0.2,1566.7,-120
P11032-3,71638_20-22-29-95,50,0.2,1566.72,-120
P11032-3,71638_20-22-29-95,50,0.2,1566.74,-120
P11032-3,71638_20-22-29-95,50,0.2,1566.76,-79.50394
P11032-3,71638_20-22-29-95,50,0.2,1566.78,-83.5047
P11032-3,71638_20-22-29-95,50,0.2,1566.8,-78.08549
P11032-3,71638_20-22-29-95,50,0.2,1566.82,-88.30032
P11032-3,71638_20-22-29-95,50,0.2,1566.84,-120
P11032-3,71638_20-22-29-95,50,0.2,1566.86,-78.55426
P11032-3,71638_20-22-29-95,50,0.2,1566.88,-120
P11032-3,71638_20-22-29-95,50,0.2,1566.9,-120
P11032-3,71638_20-22-29-95,50,0.2,1566.92,-77.80154
P11032-3,71638_20-22-29-95,50,0.2,1566.94,-88.22752
P11032-3,71638_20-22-29-95,50,0.2,1566.96,-120
P11032-3,71638_20-22-29-95,50,0.2,1566.98,-83.18668
P11032-3,71638_20-22-29-95,50,0.2,1567,-120
P11032-3,71638_20-22-29-95,50,0.2,1567.02,-80.12781
P11032-3,71638_20-22-29-95,50,0.2,1567.04,-83.34138
P11032-3,71638_20-22-29-95,50,0.2,1567.06,-120
P11032-3,71638_20-22-29-95,50,0.2,1567.08,-120
P11032-3,71638_20-22-29-95,50,0.2,1567.1,-120
P11032-3,71638_20-22-29-95,50,0.2,1567.12,-120
P11032-3,71638_20-22-29-95,50,0.2,1567.14,-78.40132
P11032-3,71638_20-22-29-95,50,0.2,1567.16,-80.22551
P11032-3,71638_20-22-29-95,50,0.2,1567.18,-76.7162
P11032-3,71638_20-22-29-95,50,0.2,1567.2,-120
P11032-3,71638_20-22-29-95,50,0.2,1567.22,-81.12664
P11032-3,71638_20-22-29-95,50,0.2,1567.24,-120
P11032-3,71638_20-22-29-95,50,0.2,1567.26,-92.15383
P11032-3,71638_20-22-29-95,50,0.2,1567.28,-120
P11032-3,71638_20-22-29-95,50,0.2,1567.3,-78.36242
P11032-3,71638_20-22-29-95,50,0.2,1567.32,-120
P11032-3,71638_20-22-29-95,50,0.2,1567.34,-75.97223
P11032-3,71638_20-22-29-95,50,0.2,1567.36,-82.69298
P11032-3,71638_20-22-29-95,50,0.2,1567.38,-120
P11032-3,71638_20-22-29-95,50,0.2,1567.4,-120
P11032-3,71638_20-22-29-95,50,0.2,1567.42,-120
P11032-3,71638_20-22-29-95,50,0.2,1567.44,-83.1399
P11032-3,71638_20-22-29-95,50,0.2,1567.46,-80.17774
P11032-3,71638_20-22-29-95,50,0.2,1567.48,-120
P11032-3,71638_20-22-29-95,50,0.2,1567.5,-79.80053
P11032-3,71638_20-22-29-95,50,0.2,1567.52,-120
P11032-3,71638_20-22-29-95,50,0.2,1567.54,-120
P11032-3,71638_20-22-29-95,50,0.2,1567.56,-120
P11032-3,71638_20-22-29-95,50,0.2,1567.58,-120
P11032-3,71638_20-22-29-95,50,0.2,1567.6,-88.19014
P11032-3,71638_20-22-29-95,50,0.2,1567.62,-120
P11032-3,71638_20-22-29-95,50,0.2,1567.64,-90.65199
P11032-3,71638_20-22-29-95,50,0.2,1567.66,-120
P11032-3,71638_20-22-29-95,50,0.2,1567.68,-88.62013
P11032-3,71638_20-22-29-95,50,0.2,1567.7,-76.83191
P11032-3,71638_20-22-29-95,50,0.2,1567.72,-120
P11032-3,71638_20-22-29-95,50,0.2,1567.74,-82.41239
P11032-3,71638_20-22-29-95,50,0.2,1567.76,-96.00499
P11032-3,71638_20-22-29-95,50,0.2,1567.78,-120
P11032-3,71638_20-22-29-95,50,0.2,1567.8,-76.41304
P11032-3,71638_20-22-29-95,50,0.2,1567.82,-80.46289
P11032-3,71638_20-22-29-95,50,0.2,1567.84,-120
P11032-3,71638_20-22-29-95,50,0.2,1567.86,-92.40861
P11032-3,71638_20-22-29-95,50,0.2,1567.88,-80.76342
P11032-3,71638_20-22-29-95,50,0.2,1567.9,-80.29979
P11032-3,71638_20-22-29-95,50,0.2,1567.92,-120
P11032-3,71638_20-22-29-95,50,0.2,1567.94,-80.08818
P11032-3,71638_20-22-29-95,50,0.2,1567.96,-120
P11032-3,71638_20-22-29-95,50,0.2,1567.98,-120
P11032-3,71638_20-22-29-95,50,0.2,1568,-120
P11032-3,71638_20-22-29-95,50,0.2,1568.02,-87.20789
P11032-3,71638_20-22-29-95,50,0.2,1568.04,-120
P11032-3,71638_20-22-29-95,50,0.2,1568.06,-81.38227
P11032-3,71638_20-22-29-95,50,0.2,1568.08,-120
P11032-3,71638_20-22-29-95,50,0.2,1568.1,-120
P11032-3,71638_20-22-29-95,50,0.2,1568.12,-85.36704
P11032-3,71638_20-22-29-95,50,0.2,1568.14,-77.62205
P11032-3,71638_20-22-29-95,50,0.2,1568.16,-120
P11032-3,71638_20-22-29-95,50,0.2,1568.18,-78.82066
P11032-3,71638_20-22-29-95,50,0.2,1568.2,-120
P11032-3,71638_20-22-29-95,50,0.2,1568.22,-78.09668
P11032-3,71638_20-22-29-95,50,0.2,1568.24,-120
P11032-3,71638_20-22-29-95,50,0.2,1568.26,-120
P11032-3,71638_20-22-29-95,50,0.2,1568.28,-120
P11032-3,71638_20-22-29-95,50,0.2,1568.3,-78.71924
P11032-3,71638_20-22-29-95,50,0.2,1568.32,-120
P11032-3,71638_20-22-29-95,50,0.2,1568.34,-76.77574
P11032-3,71638_20-22-29-95,50,0.2,1568.36,-120
P11032-3,71638_20-22-29-95,50,0.2,1568.38,-120
P11032-3,71638_20-22-29-95,50,0.2,1568.4,-120
P11032-3,71638_20-22-29-95,50,0.2,1568.42,-94.74955
P11032-3,71638_20-22-29-95,50,0.2,1568.44,-120
P11032-3,71638_20-22-29-95,50,0.2,1568.46,-82.23081
P11032-3,71638_20-22-29-95,50,0.2,1568.48,-120
P11032-3,71638_20-22-29-95,50,0.2,1568.5,-85.36704
P11032-3,71638_20-22-29-95,50,0.2,1568.52,-120
P11032-3,71638_20-22-29-95,50,0.2,1568.54,-120
P11032-3,71638_20-22-29-95,50,0.2,1568.56,-120
P11032-3,71638_20-22-29-95,50,0.2,1568.58,-120
P11032-3,71638_20-22-29-95,50,0.2,1568.6,-79.31814
P11032-3,71638_20-22-29-95,50,0.2,1568.62,-120
P11032-3,71638_20-22-29-95,50,0.2,1568.64,-84.83332
P11032-3,71638_20-22-29-95,50,0.2,1568.66,-81.7744
P11032-3,71638_20-22-29-95,50,0.2,1568.68,-120
P11032-3,71638_20-22-29-95,50,0.2,1568.7,-79.60586
P11032-3,71638_20-22-29-95,50,0.2,1568.72,-80.40005
P11032-3,71638_20-22-29-95,50,0.2,1568.74,-82.13249
P11032-3,71638_20-22-29-95,50,0.2,1568.76,-120
P11032-3,71638_20-22-29-95,50,0.2,1568.78,-120
P11032-3,71638_20-22-29-95,50,0.2,1568.8,-80.72476
P11032-3,71638_20-22-29-95,50,0.2,1568.82,-120
P11032-3,71638_20-22-29-95,50,0.2,1568.84,-78.08549
P11032-3,71638_20-22-29-95,50,0.2,1568.86,-120
P11032-3,71638_20-22-29-95,50,0.2,1568.88,-83.03818
P11032-3,71638_20-22-29-95,50,0.2,1568.9,-76.36764
P11032-3,71638_20-22-29-95,50,0.2,1568.92,-93.78928
P11032-3,71638_20-22-29-95,50,0.2,1568.94,-120
P11032-3,71638_20-22-29-95,50,0.2,1568.96,-80.08552
P11032-3,71638_20-22-29-95,50,0.2,1568.98,-86.5817
P11032-3,71638_20-22-29-95,50,0.2,1569,-120
P11032-3,71638_20-22-29-95,50,0.2,1569.02,-120
P11032-3,71638_20-22-29-95,50,0.2,1569.04,-74.09939
P11032-3,71638_20-22-29-95,50,0.2,1569.06,-120
P11032-3,71638_20-22-29-95,50,0.2,1569.08,-81.33358
P11032-3,71638_20-22-29-95,50,0.2,1569.1,-120
P11032-3,71638_20-22-29-95,50,0.2,1569.12,-79.71022
P11032-3,71638_20-22-29-95,50,0.2,1569.14,-120
P11032-3,71638_20-22-29-95,50,0.2,1569.16,-120
P11032-3,71638_20-22-29-95,50,0.2,1569.18,-120
P11032-3,71638_20-22-29-95,50,0.2,1569.2,-120
P11032-3,71638_20-22-29-95,50,0.2,1569.22,-84.8096
P11032-3,71638_20-22-29-95,50,0.2,1569.24,-120
P11032-3,71638_20-22-29-95,50,0.2,1569.26,-76.56986
P11032-3,71638_20-22-29-95,50,0.2,1569.28,-82.17456
P11032-3,71638_20-22-29-95,50,0.2,1569.3,-120
P11032-3,71638_20-22-29-95,50,0.2,1569.32,-81.48803
P11032-3,71638_20-22-29-95,50,0.2,1569.34,-81.63676
P11032-3,71638_20-22-29-95,50,0.2,1569.36,-120
P11032-3,71638_20-22-29-95,50,0.2,1569.38,-78.32092
P11032-3,71638_20-22-29-95,50,0.2,1569.4,-89.74285
P11032-3,71638_20-22-29-95,50,0.2,1569.42,-85.22445
P11032-3,71638_20-22-29-95,50,0.2,1569.44,-120
P11032-3,71638_20-22-29-95,50,0.2,1569.46,-120
P11032-3,71638_20-22-29-95,50,0.2,1569.48,-120
P11032-3,71638_20-22-29-95,50,0.2,1569.5,-83.73557
P11032-3,71638_20-22-29-95,50,0.2,1569.52,-80.81131
P11032-3,71638_20-22-29-95,50,0.2,1569.54,-120
P11032-3,71638_20-22-29-95,50,0.2,1569.56,-79.22996
P11032-3,71638_20-22-29-95,50,0.2,1569.58,-75.64793
P11032-3,71638_20-22-29-95,50,0.2,1569.6,-120
P11032-3,71638_20-22-29-95,50,0.2,1569.62,-78.58864
P11032-3,71638_20-22-29-95,50,0.2,1569.64,-120
P11032-3,71638_20-22-29-95,50,0.2,1569.66,-78.45576
P11032-3,71638_20-22-29-95,50,0.2,1569.68,-120
P11032-3,71638_20-22-29-95,50,0.2,1569.7,-85.38652
P11032-3,71638_20-22-29-95,50,0.2,1569.72,-79.42334
P11032-3,71638_20-22-29-95,50,0.2,1569.74,-82.83663
P11032-3,71638_20-22-29-95,50,0.2,1569.76,-83.15604
P11032-3,71638_20-22-29-95,50,0.2,1569.78,-120
P11032-3,71638_20-22-29-95,50,0.2,1569.8,-80.01871
P11032-3,71638_20-22-29-95,50,0.2,1569.82,-80.51343
P11032-3,71638_20-22-29-95,50,0.2,1569.84,-77.63967
P11032-3,71638_20-22-29-95,50,0.2,1569.86,-80.21409
P11032-3,71638_20-22-29-95,50,0.2,1569.88,-77.91021
P11032-3,71638_20-22-29-95,50,0.2,1569.9,-120
P11032-3,71638_20-22-29-95,50,0.2,1569.92,-82.94136
P11032-3,71638_20-22-29-95,50,0.2,1569.94,-120
P11032-3,71638_20-22-29-95,50,0.2,1569.96,-120
P11032-3,71638_20-22-29-95,50,0.2,1569.98,-76.80686
P11032-3,71638_20-22-29-95,50,0.2,1570,-120
P11032-3,71638_20-22-29-95,50,0.2,1570.02,-120
P11032-3,71638_20-22-29-95,50,0.2,1570.04,-120
P11032-3,71638_20-22-29-95,50,0.2,1570.06,-77.08853
P11032-3,71638_20-22-29-95,50,0.2,1570.08,-79.87163
P11032-3,71638_20-22-29-95,50,0.2,1570.1,-77.44969
P11032-3,71638_20-22-29-95,50,0.2,1570.12,-92.91494
P11032-3,71638_20-22-29-95,50,0.2,1570.14,-120
P11032-3,71638_20-22-29-95,50,0.2,1570.16,-120
P11032-3,71638_20-22-29-95,50,0.2,1570.18,-120
P11032-3,71638_20-22-29-95,50,0.2,1570.2,-120
P11032-3,71638_20-22-29-95,50,0.2,1570.22,-78.77456
P11032-3,71638_20-22-29-95,50,0.2,1570.24,-79.47306
P11032-3,71638_20-22-29-95,50,0.2,1570.26,-83.29476
P11032-3,71638_20-22-29-95,50,0.2,1570.28,-120
P11032-3,71638_20-22-29-95,50,0.2,1570.3,-120
P11032-3,71638_20-22-29-95,50,0.2,1570.32,-79.90549
P11032-3,71638_20-22-29-95,50,0.2,1570.34,-120
P11032-3,71638_20-22-29-95,50,0.2,1570.36,-79.694
P11032-3,71638_20-22-29-95,50,0.2,1570.38,-84.4539
P11032-3,71638_20-22-29-95,50,0.2,1570.4,-85.80705
P11032-3,71638_20-22-29-95,50,0.2,1570.42,-109.2518
P11032-3,71638_20-22-29-95,50,0.2,1570.44,-120
P11032-3,71638_20-22-29-95,50,0.2,1570.46,-120
P11032-3,71638_20-22-29-95,50,0.2,1570.48,-78.19014
P11032-3,71638_20-22-29-95,50,0.2,1570.5,-120
P11032-3,71638_20-22-29-95,50,0.2,1570.52,-120
P11032-3,71638_20-22-29-95,50,0.2,1570.54,-85.68958
P11032-3,71638_20-22-29-95,50,0.2,1570.56,-77.41363
P11032-3,71638_20-22-29-95,50,0.2,1570.58,-120
P11032-3,71638_20-22-29-95,50,0.2,1570.6,-83.2468
P11032-3,71638_20-22-29-95,50,0.2,1570.62,-83.76854
P11032-3,71638_20-22-29-95,50,0.2,1570.64,-86.43592
P11032-3,71638_20-22-29-95,50,0.2,1570.66,-77.24919
P11032-3,71638_20-22-29-95,50,0.2,1570.68,-74.80172
P11032-3,71638_20-22-29-95,50,0.2,1570.7,-79.09037
P11032-3,71638_20-22-29-95,50,0.2,1570.72,-120
P11032-3,71638_20-22-29-95,50,0.2,1570.74,-80.57248
P11032-3,71638_20-22-29-95,50,0.2,1570.76,-77.49092
P11032-3,71638_20-22-29-95,50,0.2,1570.78,-82.375470000000007
P11032-3,71638_20-22-29-95,50,0.2,1570.8,-81.36618
P11032-3,71638_20-22-29-95,50,0.2,1570.82,-81.67491
P11032-3,71638_20-22-29-95,50,0.2,1570.84,-82.42908
P11032-3,71638_20-22-29-95,50,0.2,1570.86,-120
P11032-3,71638_20-22-29-95,50,0.2,1570.88,-88.1051
P11032-3,71638_20-22-29-95,50,0.2,1570.9,-120
P11032-3,71638_20-22-29-95,50,0.2,1570.92,-81.98665
P11032-3,71638_20-22-29-95,50,0.2,1570.94,-87.01147
P11032-3,71638_20-22-29-95,50,0.2,1570.96,-120
P11032-3,71638_20-22-29-95,50,0.2,1570.98,-120
P11032-3,71638_20-22-29-95,50,0.2,1571,-81.04799
P11032-3,71638_20-22-29-95,50,0.2,1571.02,-120
P11032-3,71638_20-22-29-95,50,0.2,1571.04,-81.24418
P11032-3,71638_20-22-29-95,50,0.2,1571.06,-120
P11032-3,71638_20-22-29-95,50,0.2,1571.08,-83.13096
P11032-3,71638_20-22-29-95,50,0.2,1571.1,-79.6138
P11032-3,71638_20-22-29-95,50,0.2,1571.12,-78.38333
P11032-3,71638_20-22-29-95,50,0.2,1571.14,-120
P11032-3,71638_20-22-29-95,50,0.2,1571.16,-77.29554
P11032-3,71638_20-22-29-95,50,0.2,1571.18,-120
P11032-3,71638_20-22-29-95,50,0.2,1571.2,-79.73058
P11032-3,71638_20-22-29-95,50,0.2,1571.22,-120
P11032-3,71638_20-22-29-95,50,0.2,1571.24,-120
P11032-3,71638_20-22-29-95,50,0.2,1571.26,-120
P11032-3,71638_20-22-29-95,50,0.2,1571.28,-76.72028
P11032-3,71638_20-22-29-95,50,0.2,1571.3,-77.87014
P11032-3,71638_20-22-29-95,50,0.2,1571.32,-83.70285
P11032-3,71638_20-22-29-95,50,0.2,1571.34,-120
P11032-3,71638_20-22-29-95,50,0.2,1571.36,-78.70955
P11032-3,71638_20-22-29-95,50,0.2,1571.38,-77.36838
P11032-3,71638_20-22-29-95,50,0.2,1571.4,-120
P11032-3,71638_20-22-29-95,50,0.2,1571.42,-120
P11032-3,71638_20-22-29-95,50,0.2,1571.44,-80.34892
P11032-3,71638_20-22-29-95,50,0.2,1571.46,-120
P11032-3,71638_20-22-29-95,50,0.2,1571.48,-120
P11032-3,71638_20-22-29-95,50,0.2,1571.5,-120
P11032-3,71638_20-22-29-95,50,0.2,1571.52,-76.59953
P11032-3,71638_20-22-29-95,50,0.2,1571.54,-78.73219
P11032-3,71638_20-22-29-95,50,0.2,1571.56,-120
P11032-3,71638_20-22-29-95,50,0.2,1571.58,-81.6813
P11032-3,71638_20-22-29-95,50,0.2,1571.6,-120
P11032-3,71638_20-22-29-95,50,0.2,1571.62,-92.0614
P11032-3,71638_20-22-29-95,50,0.2,1571.64,-120
P11032-3,71638_20-22-29-95,50,0.2,1571.66,-120
P11032-3,71638_20-22-29-95,50,0.2,1571.68,-120
P11032-3,71638_20-22-29-95,50,0.2,1571.7,-83.65825
P11032-3,71638_20-22-29-95,50,0.2,1571.72,-120
P11032-3,71638_20-22-29-95,50,0.2,1571.74,-81.22801
P11032-3,71638_20-22-29-95,50,0.2,1571.76,-120
P11032-3,71638_20-22-29-95,50,0.2,1571.78,-82.52744
P11032-3,71638_20-22-29-95,50,0.2,1571.8,-81.6279
P11032-3,71638_20-22-29-95,50,0.2,1571.82,-120
P11032-3,71638_20-22-29-95,50,0.2,1571.84,-120
P11032-3,71638_20-22-29-95,50,0.2,1571.86,-79.35168
P11032-3,71638_20-22-29-95,50,0.2,1571.88,-78.34162
P11032-3,71638_20-22-29-95,50,0.2,1571.9,-86.31899
P11032-3,71638_20-22-29-95,50,0.2,1571.92,-88.21599
P11032-3,71638_20-22-29-95,50,0.2,1571.94,-78.85389
P11032-3,71638_20-22-29-95,50,0.2,1571.96,-81.64309
P11032-3,71638_20-22-29-95,50,0.2,1571.98,-120
P11032-3,71638_20-22-29-95,50,0.2,1572,-78.78769
P11032-3,71638_20-22-29-95,50,0.2,1572.02,-120
P11032-3,71638_20-22-29-95,50,0.2,1572.04,-76.46276
P11032-3,71638_20-22-29-95,50,0.2,1572.06,-102.2228
P11032-3,71638_20-22-29-95,50,0.2,1572.08,-76.97453
P11032-3,71638_20-22-29-95,50,0.2,1572.1,-120
P11032-3,71638_20-22-29-95,50,0.2,1572.12,-78.32683
P11032-3,71638_20-22-29-95,50,0.2,1572.14,-120
P11032-3,71638_20-22-29-95,50,0.2,1572.16,-78.57924
P11032-3,71638_20-22-29-95,50,0.2,1572.18,-79.04831
P11032-3,71638_20-22-29-95,50,0.2,1572.2,-81.18102
P11032-3,71638_20-22-29-95,50,0.2,1572.22,-82.74578
P11032-3,71638_20-22-29-95,50,0.2,1572.24,-120
P11032-3,71638_20-22-29-95,50,0.2,1572.26,-120
P11032-3,71638_20-22-29-95,50,0.2,1572.28,-76.2764
P11032-3,71638_20-22-29-95,50,0.2,1572.3,-120
P11032-3,71638_20-22-29-95,50,0.2,1572.32,-80.64392
P11032-3,71638_20-22-29-95,50,0.2,1572.34,-88.91435
P11032-3,71638_20-22-29-95,50,0.2,1572.36,-84.37707
P11032-3,71638_20-22-29-95,50,0.2,1572.38,-84.23543
P11032-3,71638_20-22-29-95,50,0.2,1572.4,-120
P11032-3,71638_20-22-29-95,50,0.2,1572.42,-120
P11032-3,71638_20-22-29-95,50,0.2,1572.44,-82.97742
P11032-3,71638_20-22-29-95,50,0.2,1572.46,-80.32171
P11032-3,71638_20-22-29-95,50,0.2,1572.48,-120
P11032-3,71638_20-22-29-95,50,0.2,1572.5,-82.74578
P11032-3,71638_20-22-29-95,50,0.2,1572.52,-91.35608
P11032-3,71638_20-22-29-95,50,0.2,1572.54,-120
P11032-3,71638_20-22-29-95,50,0.2,1572.56,-84.38064
P11032-3,71638_20-22-29-95,50,0.2,1572.58,-120
P11032-3,71638_20-22-29-95,50,0.2,1572.6,-82.09926
P11032-3,71638_20-22-29-95,50,0.2,1572.62,-120
P11032-3,71638_20-22-29-95,50,0.2,1572.64,-88.35053
P11032-3,71638_20-22-29-95,50,0.2,1572.66,-78.91773
P11032-3,71638_20-22-29-95,50,0.2,1572.68,-120
P11032-3,71638_20-22-29-95,50,0.2,1572.7,-81.40561
P11032-3,71638_20-22-29-95,50,0.2,1572.72,-82.92515
P11032-3,71638_20-22-29-95,50,0.2,1572.74,-81.63486
P11032-3,71638_20-22-29-95,50,0.2,1572.76,-120
P11032-3,71638_20-22-29-95,50,0.2,1572.78,-120
P11032-3,71638_20-22-29-95,50,0.2,1572.8,-93.4113
P11032-3,71638_20-22-29-95,50,0.2,1572.82,-79.95249
P11032-3,71638_20-22-29-95,50,0.2,1572.84,-120
P11032-3,71638_20-22-29-95,50,0.2,1572.86,-87.06196
P11032-3,71638_20-22-29-95,50,0.2,1572.88,-93.41512
P11032-3,71638_20-22-29-95,50,0.2,1572.9,-120
P11032-3,71638_20-22-29-95,50,0.2,1572.92,-76.55215
P11032-3,71638_20-22-29-95,50,0.2,1572.94,-89.30702
P11032-3,71638_20-22-29-95,50,0.2,1572.96,-82.36497
P11032-3,71638_20-22-29-95,50,0.2,1572.98,-120
P11032-3,71638_20-22-29-95,50,0.2,1573,-80.97127
P11032-3,71638_20-22-29-95,50,0.2,1573.02,-120
P11032-3,71638_20-22-29-95,50,0.2,1573.04,-120
P11032-3,71638_20-22-29-95,50,0.2,1573.06,-80.76186
P11032-3,71638_20-22-29-95,50,0.2,1573.08,-80.54384
P11032-3,71638_20-22-29-95,50,0.2,1573.1,-83.37053
P11032-3,71638_20-22-29-95,50,0.2,1573.12,-120
P11032-3,71638_20-22-29-95,50,0.2,1573.14,-120
P11032-3,71638_20-22-29-95,50,0.2,1573.16,-120
P11032-3,71638_20-22-29-95,50,0.2,1573.18,-120
P11032-3,71638_20-22-29-95,50,0.2,1573.2,-120
P11032-3,71638_20-22-29-95,50,0.2,1573.22,-120
P11032-3,71638_20-22-29-95,50,0.2,1573.24,-120
P11032-3,71638_20-22-29-95,50,0.2,1573.26,-120
P11032-3,71638_20-22-29-95,50,0.2,1573.28,-80.97127
P11032-3,71638_20-22-29-95,50,0.2,1573.3,-120
P11032-3,71638_20-22-29-95,50,0.2,1573.32,-120
P11032-3,71638_20-22-29-95,50,0.2,1573.34,-79.58213
P11032-3,71638_20-22-29-95,50,0.2,1573.36,-120
P11032-3,71638_20-22-29-95,50,0.2,1573.38,-120
P11032-3,71638_20-22-29-95,50,0.2,1573.4,-120
P11032-3,71638_20-22-29-95,50,0.2,1573.42,-78.98253
P11032-3,71638_20-22-29-95,50,0.2,1573.44,-120
P11032-3,71638_20-22-29-95,50,0.2,1573.46,-120
P11032-3,71638_20-22-29-95,50,0.2,1573.48,-120
P11032-3,71638_20-22-29-95,50,0.2,1573.5,-120
P11032-3,71638_20-22-29-95,50,0.2,1573.52,-120
P11032-3,71638_20-22-29-95,50,0.2,1573.54,-79.94819
P11032-3,71638_20-22-29-95,50,0.2,1573.56,-77.81464
P11032-3,71638_20-22-29-95,50,0.2,1573.58,-86.31899
P11032-3,71638_20-22-29-95,50,0.2,1573.6,-88.39231
P11032-3,71638_20-22-29-95,50,0.2,1573.62,-120
P11032-3,71638_20-22-29-95,50,0.2,1573.64,-84.07157
P11032-3,71638_20-22-29-95,50,0.2,1573.66,-79.36667
P11032-3,71638_20-22-29-95,50,0.2,1573.68,-120
P11032-3,71638_20-22-29-95,50,0.2,1573.7,-83.24038
P11032-3,71638_20-22-29-95,50,0.2,1573.72,-76.51306
P11032-3,71638_20-22-29-95,50,0.2,1573.74,-120
P11032-3,71638_20-22-29-95,50,0.2,1573.76,-77.00711
P11032-3,71638_20-22-29-95,50,0.2,1573.78,-120
P11032-3,71638_20-22-29-95,50,0.2,1573.8,-120
P11032-3,71638_20-22-29-95,50,0.2,1573.82,-120
P11032-3,71638_20-22-29-95,50,0.2,1573.84,-75.69764
P11032-3,71638_20-22-29-95,50,0.2,1573.86,-120
P11032-3,71638_20-22-29-95,50,0.2,1573.88,-80.18997
P11032-3,71638_20-22-29-95,50,0.2,1573.9,-120
P11032-3,71638_20-22-29-95,50,0.2,1573.92,-84.56801
P11032-3,71638_20-22-29-95,50,0.2,1573.94,-78.22752
P11032-3,71638_20-22-29-95,50,0.2,1573.96,-78.35053
P11032-3,71638_20-22-29-95,50,0.2,1573.98,-92.594
P11032-3,71638_20-22-29-95,50,0.2,1574,-120
P11032-3,71638_20-22-29-95,50,0.2,1574.02,-89.58607
P11032-3,71638_20-22-29-95,50,0.2,1574.04,-77.98057
P11032-3,71638_20-22-29-95,50,0.2,1574.06,-120
P11032-3,71638_20-22-29-95,50,0.2,1574.08,-120
P11032-3,71638_20-22-29-95,50,0.2,1574.1,-120
P11032-3,71638_20-22-29-95,50,0.2,1574.12,-83.83
P11032-3,71638_20-22-29-95,50,0.2,1574.14,-80.41866
P11032-3,71638_20-22-29-95,50,0.2,1574.16,-93.09361
P11032-3,71638_20-22-29-95,50,0.2,1574.18,-90.2443
P11032-3,71638_20-22-29-95,50,0.2,1574.2,-120
P11032-3,71638_20-22-29-95,50,0.2,1574.22,-80.45902
P11032-3,71638_20-22-29-95,50,0.2,1574.24,-120
P11032-3,71638_20-22-29-95,50,0.2,1574.26,-82.49106
P11032-3,71638_20-22-29-95,50,0.2,1574.28,-120
P11032-3,71638_20-22-29-95,50,0.2,1574.3,-78.36242
P11032-3,71638_20-22-29-95,50,0.2,1574.32,-120
P11032-3,71638_20-22-29-95,50,0.2,1574.34,-86.69789
P11032-3,71638_20-22-29-95,50,0.2,1574.36,-120
P11032-3,71638_20-22-29-95,50,0.2,1574.38,-84.16121
P11032-3,71638_20-22-29-95,50,0.2,1574.4,-78.96538
P11032-3,71638_20-22-29-95,50,0.2,1574.42,-79.17933
P11032-3,71638_20-22-29-95,50,0.2,1574.44,-120
P11032-3,71638_20-22-29-95,50,0.2,1574.46,-77.61954
P11032-3,71638_20-22-29-95,50,0.2,1574.48,-96.00153
P11032-3,71638_20-22-29-95,50,0.2,1574.5,-120
P11032-3,71638_20-22-29-95,50,0.2,1574.52,-120
P11032-3,71638_20-22-29-95,50,0.2,1574.54,-80.42968
P11032-3,71638_20-22-29-95,50,0.2,1574.56,-77.04213
P11032-3,71638_20-22-29-95,50,0.2,1574.58,-120
P11032-3,71638_20-22-29-95,50,0.2,1574.6,-77.10857
P11032-3,71638_20-22-29-95,50,0.2,1574.62,-120
P11032-3,71638_20-22-29-95,50,0.2,1574.64,-82.48182
P11032-3,71638_20-22-29-95,50,0.2,1574.66,-120
P11032-3,71638_20-22-29-95,50,0.2,1574.68,-120
P11032-3,71638_20-22-29-95,50,0.2,1574.7,-83.10425
P11032-3,71638_20-22-29-95,50,0.2,1574.72,-120
P11032-3,71638_20-22-29-95,50,0.2,1574.74,-83.49304
P11032-3,71638_20-22-29-95,50,0.2,1574.76,-78.12761
P11032-3,71638_20-22-29-95,50,0.2,1574.78,-81.38944
P11032-3,71638_20-22-29-95,50,0.2,1574.8,-120
P11032-3,71638_20-22-29-95,50,0.2,1574.82,-77.78586
P11032-3,71638_20-22-29-95,50,0.2,1574.84,-89.58607
P11032-3,71638_20-22-29-95,50,0.2,1574.86,-120
P11032-3,71638_20-22-29-95,50,0.2,1574.88,-120
P11032-3,71638_20-22-29-95,50,0.2,1574.9,-79.2336
P11032-3,71638_20-22-29-95,50,0.2,1574.92,-78.96538
P11032-3,71638_20-22-29-95,50,0.2,1574.94,-81.19987
P11032-3,71638_20-22-29-95,50,0.2,1574.96,-120
P11032-3,71638_20-22-29-95,50,0.2,1574.98,-79.50394
P11032-3,71638_20-22-29-95,50,0.2,1575,-120
P11032-3,71638_20-22-29-95,50,0.2,1575.02,-76.51306
P11032-3,71638_20-22-29-95,50,0.2,1575.04,-81.17305
P11032-3,71638_20-22-29-95,50,0.2,1575.06,-80.71451
P11032-3,71638_20-22-29-95,50,0.2,1575.08,-78.77784
P11032-3,71638_20-22-29-95,50,0.2,1575.1,-81.12495
P11032-3,71638_20-22-29-95,50,0.2,1575.12,-120
P11032-3,71638_20-22-29-95,50,0.2,1575.14,-120
P11032-3,71638_20-22-29-95,50,0.2,1575.16,-81.61718
P11032-3,71638_20-22-29-95,50,0.2,1575.18,-78.41035
P11032-3,71638_20-22-29-95,50,0.2,1575.2,-75.42875
P11032-3,71638_20-22-29-95,50,0.2,1575.22,-120
P11032-3,71638_20-22-29-95,50,0.2,1575.24,-120
P11032-3,71638_20-22-29-95,50,0.2,1575.26,-81.31121
P11032-3,71638_20-22-29-95,50,0.2,1575.28,-120
P11032-3,71638_20-22-29-95,50,0.2,1575.3,-83.83
P11032-3,71638_20-22-29-95,50,0.2,1575.32,-120
P11032-3,71638_20-22-29-95,50,0.2,1575.34,-81.23436
P11032-3,71638_20-22-29-95,50,0.2,1575.36,-83.34044
P11032-3,71638_20-22-29-95,50,0.2,1575.38,-79.90974
P11032-3,71638_20-22-29-95,50,0.2,1575.4,-120
P11032-3,71638_20-22-29-95,50,0.2,1575.42,-120
P11032-3,71638_20-22-29-95,50,0.2,1575.44,-77.01147
P11032-3,71638_20-22-29-95,50,0.2,1575.46,-81.95043
P11032-3,71638_20-22-29-95,50,0.2,1575.48,-120
P11032-3,71638_20-22-29-95,50,0.2,1575.5,-84.43095
P11032-3,71638_20-22-29-95,50,0.2,1575.52,-120
P11032-3,71638_20-22-29-95,50,0.2,1575.54,-120
P11032-3,71638_20-22-29-95,50,0.2,1575.56,-94.59295
P11032-3,71638_20-22-29-95,50,0.2,1575.58,-85.23893
P11032-3,71638_20-22-29-95,50,0.2,1575.6,-78.64867
P11032-3,71638_20-22-29-95,50,0.2,1575.62,-120
P11032-3,71638_20-22-29-95,50,0.2,1575.64,-77.40406
P11032-3,71638_20-22-29-95,50,0.2,1575.66,-79.81716
P11032-3,71638_20-22-29-95,50,0.2,1575.68,-120
P11032-3,71638_20-22-29-95,50,0.2,1575.7,-120
P11032-3,71638_20-22-29-95,50,0.2,1575.72,-120
P11032-3,71638_20-22-29-95,50,0.2,1575.74,-82.88277
P11032-3,71638_20-22-29-95,50,0.2,1575.76,-120
P11032-3,71638_20-22-29-95,50,0.2,1575.78,-78.50473
P11032-3,71638_20-22-29-95,50,0.2,1575.8,-81.70439
P11032-3,71638_20-22-29-95,50,0.2,1575.82,-120
P11032-3,71638_20-22-29-95,50,0.2,1575.84,-77.23308
P11032-3,71638_20-22-29-95,50,0.2,1575.86,-86.88882
P11032-3,71638_20-22-29-95,50,0.2,1575.88,-120
P11032-3,71638_20-22-29-95,50,0.2,1575.9,-81.34955
P11032-3,71638_20-22-29-95,50,0.2,1575.92,-106.2069
P11032-3,71638_20-22-29-95,50,0.2,1575.94,-120
P11032-3,71638_20-22-29-95,50,0.2,1575.96,-76.47817
P11032-3,71638_20-22-29-95,50,0.2,1575.98,-120
P11032-3,71638_20-22-29-95,50,0.2,1576,-120
P11032-3,71638_20-22-29-95,50,0.2,1576.02,-80.77846
P11032-3,71638_20-22-29-95,50,0.2,1576.04,-86.61743
P11032-3,71638_20-22-29-95,50,0.2,1576.06,-77.91559
P11032-3,71638_20-22-29-95,50,0.2,1576.08,-120
P11032-3,71638_20-22-29-95,50,0.2,1576.1,-120
P11032-3,71638_20-22-29-95,50,0.2,1576.12,-120
P11032-3,71638_20-22-29-95,50,0.2,1576.14,-92.14172
P11032-3,71638_20-22-29-95,50,0.2,1576.16,-76.26536
P11032-3,71638_20-22-29-95,50,0.2,1576.18,-88.84722
P11032-3,71638_20-22-29-95,50,0.2,1576.2,-75.63201
P11032-3,71638_20-22-29-95,50,0.2,1576.22,-83.21846
P11032-3,71638_20-22-29-95,50,0.2,1576.24,-120
P11032-3,71638_20-22-29-95,50,0.2,1576.26,-120
P11032-3,71638_20-22-29-95,50,0.2,1576.28,-80.30118
P11032-3,71638_20-22-29-95,50,0.2,1576.3,-79.56638
P11032-3,71638_20-22-29-95,50,0.2,1576.32,-120
P11032-3,71638_20-22-29-95,50,0.2,1576.34,-120
P11032-3,71638_20-22-29-95,50,0.2,1576.36,-80.45082
P11032-3,71638_20-22-29-95,50,0.2,1576.38,-120
P11032-3,71638_20-22-29-95,50,0.2,1576.4,-120
P11032-3,71638_20-22-29-95,50,0.2,1576.42,-78.7844
P11032-3,71638_20-22-29-95,50,0.2,1576.44,-120
P11032-3,71638_20-22-29-95,50,0.2,1576.46,-77.24228
P11032-3,71638_20-22-29-95,50,0.2,1576.48,-76.19066
P11032-3,71638_20-22-29-95,50,0.2,1576.5,-83.75202
P11032-3,71638_20-22-29-95,50,0.2,1576.52,-84.40333
P11032-3,71638_20-22-29-95,50,0.2,1576.54,-120
P11032-3,71638_20-22-29-95,50,0.2,1576.56,-120
P11032-3,71638_20-22-29-95,50,0.2,1576.58,-80.87884
P11032-3,71638_20-22-29-95,50,0.2,1576.6,-120
P11032-3,71638_20-22-29-95,50,0.2,1576.62,-85.15273
P11032-3,71638_20-22-29-95,50,0.2,1576.64,-120
P11032-3,71638_20-22-29-95,50,0.2,1576.66,-80.36874
P11032-3,71638_20-22-29-95,50,0.2,1576.68,-120
P11032-3,71638_20-22-29-95,50,0.2,1576.7,-93.90299
P11032-3,71638_20-22-29-95,50,0.2,1576.72,-79.17574
P11032-3,71638_20-22-29-95,50,0.2,1576.74,-120
P11032-3,71638_20-22-29-95,50,0.2,1576.76,-87.40406
P11032-3,71638_20-22-29-95,50,0.2,1576.78,-120
P11032-3,71638_20-22-29-95,50,0.2,1576.8,-120
P11032-3,71638_20-22-29-95,50,0.2,1576.82,-120
P11032-3,71638_20-22-29-95,50,0.2,1576.84,-81.26215
P11032-3,71638_20-22-29-95,50,0.2,1576.86,-85.12155
P11032-3,71638_20-22-29-95,50,0.2,1576.88,-120
P11032-3,71638_20-22-29-95,50,0.2,1576.9,-81.45451
P11032-3,71638_20-22-29-95,50,0.2,1576.92,-120
P11032-3,71638_20-22-29-95,50,0.2,1576.94,-120
P11032-3,71638_20-22-29-95,50,0.2,1576.96,-120
P11032-3,71638_20-22-29-95,50,0.2,1576.98,-77.5995
P11032-3,71638_20-22-29-95,50,0.2,1577,-77.62205
P11032-3,71638_20-22-29-95,50,0.2,1577.02,-120
P11032-3,71638_20-22-29-95,50,0.2,1577.04,-120
P11032-3,71638_20-22-29-95,50,0.2,1577.06,-120
P11032-3,71638_20-22-29-95,50,0.2,1577.08,-120
P11032-3,71638_20-22-29-95,50,0.2,1577.1,-91.02978
P11032-3,71638_20-22-29-95,50,0.2,1577.12,-80.31517
P11032-3,71638_20-22-29-95,50,0.2,1577.14,-120
P11032-3,71638_20-22-29-95,50,0.2,1577.16,-86.72233
P11032-3,71638_20-22-29-95,50,0.2,1577.18,-81.5683
P11032-3,71638_20-22-29-95,50,0.2,1577.2,-77.8728
P11032-3,71638_20-22-29-95,50,0.2,1577.22,-120
P11032-3,71638_20-22-29-95,50,0.2,1577.24,-87.43763
P11032-3,71638_20-22-29-95,50,0.2,1577.26,-84.32621
P11032-3,71638_20-22-29-95,50,0.2,1577.28,-76.61145
P11032-3,71638_20-22-29-95,50,0.2,1577.3,-120
P11032-3,71638_20-22-29-95,50,0.2,1577.32,-120
P11032-3,71638_20-22-29-95,50,0.2,1577.34,-89.82967
P11032-3,71638_20-22-29-95,50,0.2,1577.36,-120
P11032-3,71638_20-22-29-95,50,0.2,1577.38,-120
P11032-3,71638_20-22-29-95,50,0.2,1577.4,-120
P11032-3,71638_20-22-29-95,50,0.2,1577.42,-80.1927
P11032-3,71638_20-22-29-95,50,0.2,1577.44,-120
P11032-3,71638_20-22-29-95,50,0.2,1577.46,-87.7083
P11032-3,71638_20-22-29-95,50,0.2,1577.48,-81.14074
P11032-3,71638_20-22-29-95,50,0.2,1577.5,-120
P11032-3,71638_20-22-29-95,50,0.2,1577.52,-120
P11032-3,71638_20-22-29-95,50,0.2,1577.54,-120
P11032-3,71638_20-22-29-95,50,0.2,1577.56,-78.95172
P11032-3,71638_20-22-29-95,50,0.2,1577.58,-79.16497
P11032-3,71638_20-22-29-95,50,0.2,1577.6,-120
P11032-3,71638_20-22-29-95,50,0.2,1577.62,-79.22269
P11032-3,71638_20-22-29-95,50,0.2,1577.64,-84.44301
P11032-3,71638_20-22-29-95,50,0.2,1577.66,-75.97395
P11032-3,71638_20-22-29-95,50,0.2,1577.68,-120
P11032-3,71638_20-22-29-95,50,0.2,1577.7,-120
P11032-3,71638_20-22-29-95,50,0.2,1577.72,-78.76475
P11032-3,71638_20-22-29-95,50,0.2,1577.74,-120
P11032-3,71638_20-22-29-95,50,0.2,1577.76,-120
P11032-3,71638_20-22-29-95,50,0.2,1577.78,-77.28158
P11032-3,71638_20-22-29-95,50,0.2,1577.8,-120
P11032-3,71638_20-22-29-95,50,0.2,1577.82,-78.51397
P11032-3,71638_20-22-29-95,50,0.2,1577.84,-120
P11032-3,71638_20-22-29-95,50,0.2,1577.86,-120
P11032-3,71638_20-22-29-95,50,0.2,1577.88,-81.03088
P11032-3,71638_20-22-29-95,50,0.2,1577.9,-120
P11032-3,71638_20-22-29-95,50,0.2,1577.92,-120
P11032-3,71638_20-22-29-95,50,0.2,1577.94,-87.71343
P11032-3,71638_20-22-29-95,50,0.2,1577.96,-79.97834
P11032-3,71638_20-22-29-95,50,0.2,1577.98,-120
P11032-3,71638_20-22-29-95,50,0.2,1578,-120
P11032-3,71638_20-22-29-95,50,0.2,1578.02,-120
P11032-3,71638_20-22-29-95,50,0.2,1578.04,-80.58638
P11032-3,71638_20-22-29-95,50,0.2,1578.06,-78.81735
P11032-3,71638_20-22-29-95,50,0.2,1578.08,-76.94864
P11032-3,71638_20-22-29-95,50,0.2,1578.1,-80.81707
P11032-3,71638_20-22-29-95,50,0.2,1578.12,-120
P11032-3,71638_20-22-29-95,50,0.2,1578.14,-79.58607
P11032-3,71638_20-22-29-95,50,0.2,1578.16,-120
P11032-3,71638_20-22-29-95,50,0.2,1578.18,-77.75208
P11032-3,71638_20-22-29-95,50,0.2,1578.2,-78.95513
P11032-3,71638_20-22-29-95,50,0.2,1578.22,-76.56986
P11032-3,71638_20-22-29-95,50,0.2,1578.24,-120
P11032-3,71638_20-22-29-95,50,0.2,1578.26,-120
P11032-3,71638_20-22-29-95,50,0.2,1578.28,-92.70511
P11032-3,71638_20-22-29-95,50,0.2,1578.3,-83.82161
P11032-3,71638_20-22-29-95,50,0.2,1578.32,-86.27272
P11032-3,71638_20-22-29-95,50,0.2,1578.34,-120
P11032-3,71638_20-22-29-95,50,0.2,1578.36,-120
P11032-3,71638_20-22-29-95,50,0.2,1578.38,-87.06859
P11032-3,71638_20-22-29-95,50,0.2,1578.4,-120
P11032-3,71638_20-22-29-95,50,0.2,1578.42,-85.77574
P11032-3,71638_20-22-29-95,50,0.2,1578.44,-80.20588
P11032-3,71638_20-22-29-95,50,0.2,1578.46,-84.42252
P11032-3,71638_20-22-29-95,50,0.2,1578.48,-120
P11032-3,71638_20-22-29-95,50,0.2,1578.5,-120
P11032-3,71638_20-22-29-95,50,0.2,1578.52,-120
P11032-3,71638_20-22-29-95,50,0.2,1578.54,-83.09981
P11032-3,71638_20-22-29-95,50,0.2,1578.56,-120
P11032-3,71638_20-22-29-95,50,0.2,1578.58,-79.8506
P11032-3,71638_20-22-29-95,50,0.2,1578.6,-82.59085
P11032-3,71638_20-22-29-95,50,0.2,1578.62,-120
P11032-3,71638_20-22-29-95,50,0.2,1578.64,-120
P11032-3,71638_20-22-29-95,50,0.2,1578.66,-120
P11032-3,71638_20-22-29-95,50,0.2,1578.68,-78.68702
P11032-3,71638_20-22-29-95,50,0.2,1578.7,-120
P11032-3,71638_20-22-29-95,50,0.2,1578.72,-120
P11032-3,71638_20-22-29-95,50,0.2,1578.74,-88.78769
P11032-3,71638_20-22-29-95,50,0.2,1578.76,-120
P11032-3,71638_20-22-29-95,50,0.2,1578.78,-82.06908
P11032-3,71638_20-22-29-95,50,0.2,1578.8,-120
P11032-3,71638_20-22-29-95,50,0.2,1578.82,-83.11047
P11032-3,71638_20-22-29-95,50,0.2,1578.84,-82.01073
P11032-3,71638_20-22-29-95,50,0.2,1578.86,-120
P11032-3,71638_20-22-29-95,50,0.2,1578.88,-85.34617
P11032-3,71638_20-22-29-95,50,0.2,1578.9,-120
P11032-3,71638_20-22-29-95,50,0.2,1578.92,-83.22849
P11032-3,71638_20-22-29-95,50,0.2,1578.94,-120
P11032-3,71638_20-22-29-95,50,0.2,1578.96,-120
P11032-3,71638_20-22-29-95,50,0.2,1578.98,-86.78402
P11032-3,71638_20-22-29-95,50,0.2,1579,-120
P11032-3,71638_20-22-29-95,50,0.2,1579.02,-81.91316
P11032-3,71638_20-22-29-95,50,0.2,1579.04,-120
P11032-3,71638_20-22-29-95,50,0.2,1579.06,-120
P11032-3,71638_20-22-29-95,50,0.2,1579.08,-120
P11032-3,71638_20-22-29-95,50,0.2,1579.1,-120
P11032-3,71638_20-22-29-95,50,0.2,1579.12,-120
P11032-3,71638_20-22-29-95,50,0.2,1579.14,-80.55073
P11032-3,71638_20-22-29-95,50,0.2,1579.16,-79.41954
P11032-3,71638_20-22-29-95,50,0.2,1579.18,-120
P11032-3,71638_20-22-29-95,50,0.2,1579.2,-80.42872
P11032-3,71638_20-22-29-95,50,0.2,1579.22,-82.97397
P11032-3,71638_20-22-29-95,50,0.2,1579.24,-120
P11032-3,71638_20-22-29-95,50,0.2,1579.26,-84.2678
P11032-3,71638_20-22-29-95,50,0.2,1579.28,-83.83419
P11032-3,71638_20-22-29-95,50,0.2,1579.3,-79.78397
P11032-3,71638_20-22-29-95,50,0.2,1579.32,-77.43763
P11032-3,71638_20-22-29-95,50,0.2,1579.34,-120
P11032-3,71638_20-22-29-95,50,0.2,1579.36,-120
P11032-3,71638_20-22-29-95,50,0.2,1579.38,-120
P11032-3,71638_20-22-29-95,50,0.2,1579.4,-75.13003
P11032-3,71638_20-22-29-95,50,0.2,1579.42,-120
P11032-3,71638_20-22-29-95,50,0.2,1579.44,-88.78769
P11032-3,71638_20-22-29-95,50,0.2,1579.46,-78.84389
P11032-3,71638_20-22-29-95,50,0.2,1579.48,-78.96538
P11032-3,71638_20-22-29-95,50,0.2,1579.5,-120
P11032-3,71638_20-22-29-95,50,0.2,1579.52,-78.77784
P11032-3,71638_20-22-29-95,50,0.2,1579.54,-120
P11032-3,71638_20-22-29-95,50,0.2,1579.56,-77.56466
P11032-3,71638_20-22-29-95,50,0.2,1579.58,-74.44543
P11032-3,71638_20-22-29-95,50,0.2,1579.6,-76.05899
P11032-3,71638_20-22-29-95,50,0.2,1579.62,-72.73028
P11032-3,71638_20-22-29-95,50,0.2,1579.64,-68.62329
P11032-3,71638_20-22-29-95,50,0.2,1579.66,-64.262
P11032-3,71638_20-22-29-95,50,0.2,1579.68,-61.12045
P11032-3,71638_20-22-29-95,50,0.2,1579.7,-58.5855
P11032-3,71638_20-22-29-95,50,0.2,1579.72,-54.94986
P11032-3,71638_20-22-29-95,50,0.2,1579.74,-50.10017
P11032-3,71638_20-22-29-95,50,0.2,1579.76,-44.1128
P11032-3,71638_20-22-29-95,50,0.2,1579.78,-38.97223
P11032-3,71638_20-22-29-95,50,0.2,1579.8,-34.45632
P11032-3,71638_20-22-29-95,50,0.2,1579.82,-32.6825
P11032-3,71638_20-22-29-95,50,0.2,1579.84,-31.93481
P11032-3,71638_20-22-29-95,50,0.2,1579.86,-31.91249
P11032-3,71638_20-22-29-95,50,0.2,1579.88,-32.84164
P11032-3,71638_20-22-29-95,50,0.2,1579.9,-35.15273
P11032-3,71638_20-22-29-95,50,0.2,1579.92,-38.54182
P11032-3,71638_20-22-29-95,50,0.2,1579.94,-42.97225
P11032-3,71638_20-22-29-95,50,0.2,1579.96,-48.24198
P11032-3,71638_20-22-29-95,50,0.2,1579.98,-52.91834
P11032-3,71638_20-22-29-95,50,0.2,1580,-57.4642
P11032-3,71638_20-22-29-95,50,0.2,1580.02,-59.8464
P11032-3,71638_20-22-29-95,50,0.2,1580.04,-62.95249
P11032-3,71638_20-22-29-95,50,0.2,1580.06,-67.36838
P11032-3,71638_20-22-29-95,50,0.2,1580.08,-69.03785
P11032-3,71638_20-22-29-95,50,0.2,1580.1,-71.5484
P11032-3,71638_20-22-29-95,50,0.2,1580.12,-75.02517
P11032-3,71638_20-22-29-95,50,0.2,1580.14,-74.90529
P11032-3,71638_20-22-29-95,50,0.2,1580.16,-76.95941
P11032-3,71638_20-22-29-95,50,0.2,1580.18,-80.36637
P11032-3,71638_20-22-29-95,50,0.2,1580.2,-77.09743
P11032-3,71638_20-22-29-95,50,0.2,1580.22,-74.85319
P11032-3,71638_20-22-29-95,50,0.2,1580.24,-84.71984
P11032-3,71638_20-22-29-95,50,0.2,1580.26,-84.17369
P11032-3,71638_20-22-29-95,50,0.2,1580.28,-87.06416
P11032-3,71638_20-22-29-95,50,0.2,1580.3,-120
P11032-3,71638_20-22-29-95,50,0.2,1580.32,-78.63279
P11032-3,71638_20-22-29-95,50,0.2,1580.34,-83.27164
P11032-3,71638_20-22-29-95,50,0.2,1580.36,-120
P11032-3,71638_20-22-29-95,50,0.2,1580.38,-120
P11032-3,71638_20-22-29-95,50,0.2,1580.4,-120
P11032-3,71638_20-22-29-95,50,0.2,1580.42,-79.38925
P11032-3,71638_20-22-29-95,50,0.2,1580.44,-120
P11032-3,71638_20-22-29-95,50,0.2,1580.46,-79.25184
P11032-3,71638_20-22-29-95,50,0.2,1580.48,-78.15025
P11032-3,71638_20-22-29-95,50,0.2,1580.5,-76.48784
P11032-3,71638_20-22-29-95,50,0.2,1580.52,-76.60747
P11032-3,71638_20-22-29-95,50,0.2,1580.54,-120
P11032-3,71638_20-22-29-95,50,0.2,1580.56,-78.59492
P11032-3,71638_20-22-29-95,50,0.2,1580.58,-120
P11032-3,71638_20-22-29-95,50,0.2,1580.6,-87.8728
P11032-3,71638_20-22-29-95,50,0.2,1580.62,-78.01068
P11032-3,71638_20-22-29-95,50,0.2,1580.64,-77.10411
P11032-3,71638_20-22-29-95,50,0.2,1580.66,-120
P11032-3,71638_20-22-29-95,50,0.2,1580.68,-120
P11032-3,71638_20-22-29-95,50,0.2,1580.7,-120
P11032-3,71638_20-22-29-95,50,0.2,1580.72,-80.16284
P11032-3,71638_20-22-29-95,50,0.2,1580.74,-120
P11032-3,71638_20-22-29-95,50,0.2,1580.76,-120
P11032-3,71638_20-22-29-95,50,0.2,1580.78,-120
P11032-3,71638_20-22-29-95,50,0.2,1580.8,-77.57707
P11032-3,71638_20-22-29-95,50,0.2,1580.82,-82.17886
P11032-3,71638_20-22-29-95,50,0.2,1580.84,-81.00289
P11032-3,71638_20-22-29-95,50,0.2,1580.86,-84.64453
P11032-3,71638_20-22-29-95,50,0.2,1580.88,-78.18442
P11032-3,71638_20-22-29-95,50,0.2,1580.9,-120
P11032-3,71638_20-22-29-95,50,0.2,1580.92,-83.16953
P11032-3,71638_20-22-29-95,50,0.2,1580.94,-78.19587
P11032-3,71638_20-22-29-95,50,0.2,1580.96,-79.21906
P11032-3,71638_20-22-29-95,50,0.2,1580.98,-79.05529
P11032-3,71638_20-22-29-95,50,0.2,1581,-86.9037
P11032-3,71638_20-22-29-95,50,0.2,1581.02,-85.20281
P11032-3,71638_20-22-29-95,50,0.2,1581.04,-76.19066
P11032-3,71638_20-22-29-95,50,0.2,1581.06,-76.67562
P11032-3,71638_20-22-29-95,50,0.2,1581.08,-91.30944
P11032-3,71638_20-22-29-95,50,0.2,1581.1,-120
P11032-3,71638_20-22-29-95,50,0.2,1581.12,-89.28118
P11032-3,71638_20-22-29-95,50,0.2,1581.14,-120
P11032-3,71638_20-22-29-95,50,0.2,1581.16,-120
P11032-3,71638_20-22-29-95,50,0.2,1581.18,-120
P11032-3,71638_20-22-29-95,50,0.2,1581.2,-85.32392
P11032-3,71638_20-22-29-95,50,0.2,1581.22,-120
P11032-3,71638_20-22-29-95,50,0.2,1581.24,-120
P11032-3,71638_20-22-29-95,50,0.2,1581.26,-78.3654
P11032-3,71638_20-22-29-95,50,0.2,1581.28,-81.68963
P11032-3,71638_20-22-29-95,50,0.2,1581.3,-83.52813
P11032-3,71638_20-22-29-95,50,0.2,1581.32,-120
P11032-3,71638_20-22-29-95,50,0.2,1581.34,-85.88886
P11032-3,71638_20-22-29-95,50,0.2,1581.36,-79.43858
P11032-3,71638_20-22-29-95,50,0.2,1581.38,-120
P11032-3,71638_20-22-29-95,50,0.2,1581.4,-120
P11032-3,71638_20-22-29-95,50,0.2,1581.42,-84.30275
P11032-3,71638_20-22-29-95,50,0.2,1581.44,-78.4436
P11032-3,71638_20-22-29-95,50,0.2,1581.46,-80.3133
P11032-3,71638_20-22-29-95,50,0.2,1581.48,-120
P11032-3,71638_20-22-29-95,50,0.2,1581.5,-120
P11032-3,71638_20-22-29-95,50,0.2,1581.52,-120
P11032-3,71638_20-22-29-95,50,0.2,1581.54,-79.53895
P11032-3,71638_20-22-29-95,50,0.2,1581.56,-120
P11032-3,71638_20-22-29-95,50,0.2,1581.58,-74.82145
P11032-3,71638_20-22-29-95,50,0.2,1581.6,-120
P11032-3,71638_20-22-29-95,50,0.2,1581.62,-81.08686
P11032-3,71638_20-22-29-95,50,0.2,1581.64,-84.93224
P11032-3,71638_20-22-29-95,50,0.2,1581.66,-120
P11032-3,71638_20-22-29-95,50,0.2,1581.68,-88.78112
P11032-3,71638_20-22-29-95,50,0.2,1581.7,-120
P11032-3,71638_20-22-29-95,50,0.2,1581.72,-120
P11032-3,71638_20-22-29-95,50,0.2,1581.74,-120
P11032-3,71638_20-22-29-95,50,0.2,1581.76,-85.61299
P11032-3,71638_20-22-29-95,50,0.2,1581.78,-80.02788
P11032-3,71638_20-22-29-95,50,0.2,1581.8,-120
P11032-3,71638_20-22-29-95,50,0.2,1581.82,-120
P11032-3,71638_20-22-29-95,50,0.2,1581.84,-120
P11032-3,71638_20-22-29-95,50,0.2,1581.86,-120
P11032-3,71638_20-22-29-95,50,0.2,1581.88,-120
P11032-3,71638_20-22-29-95,50,0.2,1581.9,-79.57031
P11032-3,71638_20-22-29-95,50,0.2,1581.92,-120
P11032-3,71638_20-22-29-95,50,0.2,1581.94,-120
P11032-3,71638_20-22-29-95,50,0.2,1581.96,-77.43042
P11032-3,71638_20-22-29-95,50,0.2,1581.98,-120
P11032-3,71638_20-22-29-95,50,0.2,1582,-120
P11032-3,71638_20-22-29-95,50,0.2,1582.02,-79.60586
P11032-3,71638_20-22-29-95,50,0.2,1582.04,-120
P11032-3,71638_20-22-29-95,50,0.2,1582.06,-120
P11032-3,71638_20-22-29-95,50,0.2,1582.08,-82.92089
P11032-3,71638_20-22-29-95,50,0.2,1582.1,-120
P11032-3,71638_20-22-29-95,50,0.2,1582.12,-120
P11032-3,71638_20-22-29-95,50,0.2,1582.14,-120
P11032-3,71638_20-22-29-95,50,0.2,1582.16,-85.01001
P11032-3,71638_20-22-29-95,50,0.2,1582.18,-94.17482
P11032-3,71638_20-22-29-95,50,0.2,1582.2,-79.32185
P11032-3,71638_20-22-29-95,50,0.2,1582.22,-120
P11032-3,71638_20-22-29-95,50,0.2,1582.24,-120
P11032-3,71638_20-22-29-95,50,0.2,1582.26,-120
P11032-3,71638_20-22-29-95,50,0.2,1582.28,-83.42753
P11032-3,71638_20-22-29-95,50,0.2,1582.3,-75.57207
P11032-3,71638_20-22-29-95,50,0.2,1582.32,-120
P11032-3,71638_20-22-29-95,50,0.2,1582.34,-120
P11032-3,71638_20-22-29-95,50,0.2,1582.36,-120
P11032-3,71638_20-22-29-95,50,0.2,1582.38,-120
P11032-3,71638_20-22-29-95,50,0.2,1582.4,-81.62475
P11032-3,71638_20-22-29-95,50,0.2,1582.42,-120
P11032-3,71638_20-22-29-95,50,0.2,1582.44,-120
P11032-3,71638_20-22-29-95,50,0.2,1582.46,-79.06929
P11032-3,71638_20-22-29-95,50,0.2,1582.48,-120
P11032-3,71638_20-22-29-95,50,0.2,1582.5,-81.34304
P11032-3,71638_20-22-29-95,50,0.2,1582.52,-120
P11032-3,71638_20-22-29-95,50,0.2,1582.54,-120
P11032-3,71638_20-22-29-95,50,0.2,1582.56,-81.94975
P11032-3,71638_20-22-29-95,50,0.2,1582.58,-120
P11032-3,71638_20-22-29-95,50,0.2,1582.6,-120
P11032-3,71638_20-22-29-95,50,0.2,1582.62,-80.00782
P11032-3,71638_20-22-29-95,50,0.2,1582.64,-82.15811
P11032-3,71638_20-22-29-95,50,0.2,1582.66,-120
P11032-3,71638_20-22-29-95,50,0.2,1582.68,-83.09184
P11032-3,71638_20-22-29-95,50,0.2,1582.7,-81.09355
P11032-3,71638_20-22-29-95,50,0.2,1582.72,-120
P11032-3,71638_20-22-29-95,50,0.2,1582.74,-120
P11032-3,71638_20-22-29-95,50,0.2,1582.76,-82.11973
P11032-3,71638_20-22-29-95,50,0.2,1582.78,-82.20476
P11032-3,71638_20-22-29-95,50,0.2,1582.8,-120
P11032-3,71638_20-22-29-95,50,0.2,1582.82,-120
P11032-3,71638_20-22-29-95,50,0.2,1582.84,-83.43136
P11032-3,71638_20-22-29-95,50,0.2,1582.86,-79.37042
P11032-3,71638_20-22-29-95,50,0.2,1582.88,-120
P11032-3,71638_20-22-29-95,50,0.2,1582.9,-83.76441
P11032-3,71638_20-22-29-95,50,0.2,1582.92,-77.96967
P11032-3,71638_20-22-29-95,50,0.2,1582.94,-85.73164
P11032-3,71638_20-22-29-95,50,0.2,1582.96,-120
P11032-3,71638_20-22-29-95,50,0.2,1582.98,-120
P11032-3,71638_20-22-29-95,50,0.2,1583,-85.27244
P11032-3,71638_20-22-29-95,50,0.2,1583.02,-79.66979
P11032-3,71638_20-22-29-95,50,0.2,1583.04,-83.30033
P11032-3,71638_20-22-29-95,50,0.2,1583.06,-120
P11032-3,71638_20-22-29-95,50,0.2,1583.08,-120
P11032-3,71638_20-22-29-95,50,0.2,1583.1,-74.99352
P11032-3,71638_20-22-29-95,50,0.2,1583.12,-80.38484
P11032-3,71638_20-22-29-95,50,0.2,1583.14,-120
P11032-3,71638_20-22-29-95,50,0.2,1583.16,-120
P11032-3,71638_20-22-29-95,50,0.2,1583.18,-120
P11032-3,71638_20-22-29-95,50,0.2,1583.2,-120
P11032-3,71638_20-22-29-95,50,0.2,1583.22,-120
P11032-3,71638_20-22-29-95,50,0.2,1583.24,-84.19988
P11032-3,71638_20-22-29-95,50,0.2,1583.26,-77.30254
P11032-3,71638_20-22-29-95,50,0.2,1583.28,-120
P11032-3,71638_20-22-29-95,50,0.2,1583.3,-81.1413
P11032-3,71638_20-22-29-95,50,0.2,1583.32,-120
P11032-3,71638_20-22-29-95,50,0.2,1583.34,-76.46084
P11032-3,71638_20-22-29-95,50,0.2,1583.36,-82.42452
P11032-3,71638_20-22-29-95,50,0.2,1583.38,-79.55068
P11032-3,71638_20-22-29-95,50,0.2,1583.4,-120
P11032-3,71638_20-22-29-95,50,0.2,1583.42,-77.05313
P11032-3,71638_20-22-29-95,50,0.2,1583.44,-120
P11032-3,71638_20-22-29-95,50,0.2,1583.46,-77.35182
P11032-3,71638_20-22-29-95,50,0.2,1583.48,-79.66174
P11032-3,71638_20-22-29-95,50,0.2,1583.5,-76.22512
P11032-3,71638_20-22-29-95,50,0.2,1583.52,-79.00665
P11032-3,71638_20-22-29-95,50,0.2,1583.54,-120
P11032-3,71638_20-22-29-95,50,0.2,1583.56,-120
P11032-3,71638_20-22-29-95,50,0.2,1583.58,-74.99489
P11032-3,71638_20-22-29-95,50,0.2,1583.6,-120
P11032-3,71638_20-22-29-95,50,0.2,1583.62,-82.68089
P11032-3,71638_20-22-29-95,50,0.2,1583.64,-81.62159
P11032-3,71638_20-22-29-95,50,0.2,1583.66,-95.81865
P11032-3,71638_20-22-29-95,50,0.2,1583.68,-120
P11032-3,71638_20-22-29-95,50,0.2,1583.7,-78.74844
P11032-3,71638_20-22-29-95,50,0.2,1583.72,-80.36496
P11032-3,71638_20-22-29-95,50,0.2,1583.74,-120
P11032-3,71638_20-22-29-95,50,0.2,1583.76,-120
P11032-3,71638_20-22-29-95,50,0.2,1583.78,-120
P11032-3,71638_20-22-29-95,50,0.2,1583.8,-79.06228
P11032-3,71638_20-22-29-95,50,0.2,1583.82,-120
P11032-3,71638_20-22-29-95,50,0.2,1583.84,-120
P11032-3,71638_20-22-29-95,50,0.2,1583.86,-78.04931
P11032-3,71638_20-22-29-95,50,0.2,1583.88,-120
P11032-3,71638_20-22-29-95,50,0.2,1583.9,-83.83
P11032-3,71638_20-22-29-95,50,0.2,1583.92,-120
P11032-3,71638_20-22-29-95,50,0.2,1583.94,-85.06263
P11032-3,71638_20-22-29-95,50,0.2,1583.96,-77.23538
P11032-3,71638_20-22-29-95,50,0.2,1583.98,-120
P11032-3,71638_20-22-29-95,50,0.2,1584,-120
P11032-3,71638_20-22-29-95,50,0.2,1584.02,-120
P11032-3,71638_20-22-29-95,50,0.2,1584.04,-120
P11032-3,71638_20-22-29-95,50,0.2,1584.06,-79.38925
P11032-3,71638_20-22-29-95,50,0.2,1584.08,-120
P11032-3,71638_20-22-29-95,50,0.2,1584.1,-120
P11032-3,71638_20-22-29-95,50,0.2,1584.12,-120
P11032-3,71638_20-22-29-95,50,0.2,1584.14,-96.46276
P11032-3,71638_20-22-29-95,50,0.2,1584.16,-76.83401
P11032-3,71638_20-22-29-95,50,0.2,1584.18,-120
P11032-3,71638_20-22-29-95,50,0.2,1584.2,-120
P11032-3,71638_20-22-29-95,50,0.2,1584.22,-79.85479
P11032-3,71638_20-22-29-95,50,0.2,1584.24,-120
P11032-3,71638_20-22-29-95,50,0.2,1584.26,-120
P11032-3,71638_20-22-29-95,50,0.2,1584.28,-82.41921
P11032-3,71638_20-22-29-95,50,0.2,1584.3,-120
P11032-3,71638_20-22-29-95,50,0.2,1584.32,-82.47337
P11032-3,71638_20-22-29-95,50,0.2,1584.34,-88.25068
P11032-3,71638_20-22-29-95,50,0.2,1584.36,-79.76748
P11032-3,71638_20-22-29-95,50,0.2,1584.38,-120
P11032-3,71638_20-22-29-95,50,0.2,1584.4,-120
P11032-3,71638_20-22-29-95,50,0.2,1584.42,-120
P11032-3,71638_20-22-29-95,50,0.2,1584.44,-81.18102
P11032-3,71638_20-22-29-95,50,0.2,1584.46,-120
P11032-3,71638_20-22-29-95,50,0.2,1584.48,-78.32683
P11032-3,71638_20-22-29-95,50,0.2,1584.5,-120
P11032-3,71638_20-22-29-95,50,0.2,1584.52,-76.58961
P11032-3,71638_20-22-29-95,50,0.2,1584.54,-120
P11032-3,71638_20-22-29-95,50,0.2,1584.56,-82.86425
P11032-3,71638_20-22-29-95,50,0.2,1584.58,-120
P11032-3,71638_20-22-29-95,50,0.2,1584.6,-86.77161
P11032-3,71638_20-22-29-95,50,0.2,1584.62,-120
P11032-3,71638_20-22-29-95,50,0.2,1584.64,-120
P11032-3,71638_20-22-29-95,50,0.2,1584.66,-120
P11032-3,71638_20-22-29-95,50,0.2,1584.68,-120
P11032-3,71638_20-22-29-95,50,0.2,1584.7,-79.32557
P11032-3,71638_20-22-29-95,50,0.2,1584.72,-120
P11032-3,71638_20-22-29-95,50,0.2,1584.74,-77.98603
P11032-3,71638_20-22-29-95,50,0.2,1584.76,-82.41467
P11032-3,71638_20-22-29-95,50,0.2,1584.78,-120
P11032-3,71638_20-22-29-95,50,0.2,1584.8,-120
P11032-3,71638_20-22-29-95,50,0.2,1584.82,-120
P11032-3,71638_20-22-29-95,50,0.2,1584.84,-90.26872
P11032-3,71638_20-22-29-95,50,0.2,1584.86,-80.91354
P11032-3,71638_20-22-29-95,50,0.2,1584.88,-78.60436
P11032-3,71638_20-22-29-95,50,0.2,1584.9,-120
P11032-3,71638_20-22-29-95,50,0.2,1584.92,-80.02832
P11032-3,71638_20-22-29-95,50,0.2,1584.94,-120
P11032-3,71638_20-22-29-95,50,0.2,1584.96,-120
P11032-3,71638_20-22-29-95,50,0.2,1584.98,-120
P11032-3,71638_20-22-29-95,50,0.2,1585,-120
P11032-3,71638_20-22-29-95,50,0.2,1585.02,-120
P11032-3,71638_20-22-29-95,50,0.2,1585.04,-120
P11032-3,71638_20-22-29-95,50,0.2,1585.06,-83.60713
P11032-3,71638_20-22-29-95,50,0.2,1585.08,-77.42082
P11032-3,71638_20-22-29-95,50,0.2,1585.1,-120
P11032-3,71638_20-22-29-95,50,0.2,1585.12,-74.9026
P11032-3,71638_20-22-29-95,50,0.2,1585.14,-120
P11032-3,71638_20-22-29-95,50,0.2,1585.16,-85.38652
P11032-3,71638_20-22-29-95,50,0.2,1585.18,-79.62972
P11032-3,71638_20-22-29-95,50,0.2,1585.2,-76.9037
P11032-3,71638_20-22-29-95,50,0.2,1585.22,-83.04693
P11032-3,71638_20-22-29-95,50,0.2,1585.24,-120
P11032-3,71638_20-22-29-95,50,0.2,1585.26,-120
P11032-3,71638_20-22-29-95,50,0.2,1585.28,-120
P11032-3,71638_20-22-29-95,50,0.2,1585.3,-120
P11032-3,71638_20-22-29-95,50,0.2,1585.32,-120
P11032-3,71638_20-22-29-95,50,0.2,1585.34,-120
P11032-3,71638_20-22-29-95,50,0.2,1585.36,-120
P11032-3,71638_20-22-29-95,50,0.2,1585.38,-78.32092
P11032-3,71638_20-22-29-95,50,0.2,1585.4,-87.716
P11032-3,71638_20-22-29-95,50,0.2,1585.42,-78.36242
P11032-3,71638_20-22-29-95,50,0.2,1585.44,-120
P11032-3,71638_20-22-29-95,50,0.2,1585.46,-74.71469
P11032-3,71638_20-22-29-95,50,0.2,1585.48,-88.27105
P11032-3,71638_20-22-29-95,50,0.2,1585.5,-75.96708
P11032-3,71638_20-22-29-95,50,0.2,1585.52,-79.72243
P11032-3,71638_20-22-29-95,50,0.2,1585.54,-120
P11032-3,71638_20-22-29-95,50,0.2,1585.56,-120
P11032-3,71638_20-22-29-95,50,0.2,1585.58,-120
P11032-3,71638_20-22-29-95,50,0.2,1585.6,-83.73147
P11032-3,71638_20-22-29-95,50,0.2,1585.62,-120
P11032-3,71638_20-22-29-95,50,0.2,1585.64,-120
P11032-3,71638_20-22-29-95,50,0.2,1585.66,-79.42714
P11032-3,71638_20-22-29-95,50,0.2,1585.68,-77.31188
P11032-3,71638_20-22-29-95,50,0.2,1585.7,-83.6947
P11032-3,71638_20-22-29-95,50,0.2,1585.72,-120
P11032-3,71638_20-22-29-95,50,0.2,1585.74,-77.29554
P11032-3,71638_20-22-29-95,50,0.2,1585.76,-120
P11032-3,71638_20-22-29-95,50,0.2,1585.78,-85.78725
P11032-3,71638_20-22-29-95,50,0.2,1585.8,-120
P11032-3,71638_20-22-29-95,50,0.2,1585.82,-78.9279
P11032-3,71638_20-22-29-95,50,0.2,1585.84,-85.04733
P11032-3,71638_20-22-29-95,50,0.2,1585.86,-120
P11032-3,71638_20-22-29-95,50,0.2,1585.88,-77.3969
P11032-3,71638_20-22-29-95,50,0.2,1585.9,-120
P11032-3,71638_20-22-29-95,50,0.2,1585.92,-120
P11032-3,71638_20-22-29-95,50,0.2,1585.94,-120
P11032-3,71638_20-22-29-95,50,0.2,1585.96,-120
P11032-3,71638_20-22-29-95,50,0.2,1585.98,-83.85103
P11032-3,71638_20-22-29-95,50,0.2,1586,-85.80705
P11032-3,71638_20-22-29-95,50,0.2,1586.02,-120
P11032-3,71638_20-22-29-95,50,0.2,1586.04,-79.16497
P11032-3,71638_20-22-29-95,50,0.2,1586.06,-120
P11032-3,71638_20-22-29-95,50,0.2,1586.08,-77.95337
P11032-3,71638_20-22-29-95,50,0.2,1586.1,-120
P11032-3,71638_20-22-29-95,50,0.2,1586.12,-120
P11032-3,71638_20-22-29-95,50,0.2,1586.14,-120
P11032-3,71638_20-22-29-95,50,0.2,1586.16,-120
P11032-3,71638_20-22-29-95,50,0.2,1586.18,-77.5995
P11032-3,71638_20-22-29-95,50,0.2,1586.2,-78.91435
P11032-3,71638_20-22-29-95,50,0.2,1586.22,-120
P11032-3,71638_20-22-29-95,50,0.2,1586.24,-120
P11032-3,71638_20-22-29-95,50,0.2,1586.26,-80.3711
P11032-3,71638_20-22-29-95,50,0.2,1586.28,-86.50917
P11032-3,71638_20-22-29-95,50,0.2,1586.3,-120
P11032-3,71638_20-22-29-95,50,0.2,1586.32,-81.86953
P11032-3,71638_20-22-29-95,50,0.2,1586.34,-84.95665
P11032-3,71638_20-22-29-95,50,0.2,1586.36,-93.78097
P11032-3,71638_20-22-29-95,50,0.2,1586.38,-81.71598
P11032-3,71638_20-22-29-95,50,0.2,1586.4,-120
P11032-3,71638_20-22-29-95,50,0.2,1586.42,-120
P11032-3,71638_20-22-29-95,50,0.2,1586.44,-120
P11032-3,71638_20-22-29-95,50,0.2,1586.46,-77.74174
P11032-3,71638_20-22-29-95,50,0.2,1586.48,-93.20027
P11032-3,71638_20-22-29-95,50,0.2,1586.5,-120
P11032-3,71638_20-22-29-95,50,0.2,1586.52,-120
P11032-3,71638_20-22-29-95,50,0.2,1586.54,-77.99697
P11032-3,71638_20-22-29-95,50,0.2,1586.56,-96.43401
P11032-3,71638_20-22-29-95,50,0.2,1586.58,-120
P11032-3,71638_20-22-29-95,50,0.2,1586.6,-102.2308
P11032-3,71638_20-22-29-95,50,0.2,1586.62,-120
P11032-3,71638_20-22-29-95,50,0.2,1586.64,-89.31443
P11032-3,71638_20-22-29-95,50,0.2,1586.66,-120
P11032-3,71638_20-22-29-95,50,0.2,1586.68,-120
P11032-3,71638_20-22-29-95,50,0.2,1586.7,-83.46981
P11032-3,71638_20-22-29-95,50,0.2,1586.72,-82.58927
P11032-3,71638_20-22-29-95,50,0.2,1586.74,-81.22398
P11032-3,71638_20-22-29-95,50,0.2,1586.76,-120
P11032-3,71638_20-22-29-95,50,0.2,1586.78,-79.60586
P11032-3,71638_20-22-29-95,50,0.2,1586.8,-84.53457
P11032-3,71638_20-22-29-95,50,0.2,1586.82,-81.65071
P11032-3,71638_20-22-29-95,50,0.2,1586.84,-120
P11032-3,71638_20-22-29-95,50,0.2,1586.86,-75.36854
P11032-3,71638_20-22-29-95,50,0.2,1586.88,-120
P11032-3,71638_20-22-29-95,50,0.2,1586.9,-120
P11032-3,71638_20-22-29-95,50,0.2,1586.92,-78.25649
P11032-3,71638_20-22-29-95,50,0.2,1586.94,-120
P11032-3,71638_20-22-29-95,50,0.2,1586.96,-120
P11032-3,71638_20-22-29-95,50,0.2,1586.98,-120
P11032-3,71638_20-22-29-95,50,0.2,1587,-120
P11032-3,71638_20-22-29-95,50,0.2,1587.02,-82.20115
P11032-3,71638_20-22-29-95,50,0.2,1587.04,-120
P11032-3,71638_20-22-29-95,50,0.2,1587.06,-79.6417
P11032-3,71638_20-22-29-95,50,0.2,1587.08,-92.22283
P11032-3,71638_20-22-29-95,50,0.2,1587.1,-120
P11032-3,71638_20-22-29-95,50,0.2,1587.12,-77.88612
P11032-3,71638_20-22-29-95,50,0.2,1587.14,-120
P11032-3,71638_20-22-29-95,50,0.2,1587.16,-78.3654
P11032-3,71638_20-22-29-95,50,0.2,1587.18,-120
P11032-3,71638_20-22-29-95,50,0.2,1587.2,-75.7414
P11032-3,71638_20-22-29-95,50,0.2,1587.22,-120
P11032-3,71638_20-22-29-95,50,0.2,1587.24,-78.61066
P11032-3,71638_20-22-29-95,50,0.2,1587.26,-120
P11032-3,71638_20-22-29-95,50,0.2,1587.28,-120
P11032-3,71638_20-22-29-95,50,0.2,1587.3,-80.74946
P11032-3,71638_20-22-29-95,50,0.2,1587.32,-120
P11032-3,71638_20-22-29-95,50,0.2,1587.34,-80.63386
P11032-3,71638_20-22-29-95,50,0.2,1587.36,-120
P11032-3,71638_20-22-29-95,50,0.2,1587.38,-86.98319
P11032-3,71638_20-22-29-95,50,0.2,1587.4,-120
P11032-3,71638_20-22-29-95,50,0.2,1587.42,-120
P11032-3,71638_20-22-29-95,50,0.2,1587.44,-80.15068
P11032-3,71638_20-22-29-95,50,0.2,1587.46,-120
P11032-3,71638_20-22-29-95,50,0.2,1587.48,-120
P11032-3,71638_20-22-29-95,50,0.2,1587.5,-94.89589
P11032-3,71638_20-22-29-95,50,0.2,1587.52,-120
P11032-3,71638_20-22-29-95,50,0.2,1587.54,-120
P11032-3,71638_20-22-29-95,50,0.2,1587.56,-87.33768
P11032-3,71638_20-22-29-95,50,0.2,1587.58,-120
P11032-3,71638_20-22-29-95,50,0.2,1587.6,-82.27165
P11032-3,71638_20-22-29-95,50,0.2,1587.62,-78.71924
P11032-3,71638_20-22-29-95,50,0.2,1587.64,-120
P11032-3,71638_20-22-29-95,50,0.2,1587.66,-77.86748
P11032-3,71638_20-22-29-95,50,0.2,1587.68,-120
P11032-3,71638_20-22-29-95,50,0.2,1587.7,-120
P11032-3,71638_20-22-29-95,50,0.2,1587.72,-120
P11032-3,71638_20-22-29-95,50,0.2,1587.74,-80.40243
P11032-3,71638_20-22-29-95,50,0.2,1587.76,-80.66159
P11032-3,71638_20-22-29-95,50,0.2,1587.78,-120
P11032-3,71638_20-22-29-95,50,0.2,1587.8,-81.30944
P11032-3,71638_20-22-29-95,50,0.2,1587.82,-120
P11032-3,71638_20-22-29-95,50,0.2,1587.84,-77.23079
P11032-3,71638_20-22-29-95,50,0.2,1587.86,-92.87098
P11032-3,71638_20-22-29-95,50,0.2,1587.88,-82.61537
P11032-3,71638_20-22-29-95,50,0.2,1587.9,-120
P11032-3,71638_20-22-29-95,50,0.2,1587.92,-120
P11032-3,71638_20-22-29-95,50,0.2,1587.94,-75.87707
P11032-3,71638_20-22-29-95,50,0.2,1587.96,-79.73875
P11032-3,71638_20-22-29-95,50,0.2,1587.98,-77.15795
P11032-3,71638_20-22-29-95,50,0.2,1588,-78.57298
P11032-3,71638_20-22-29-95,50,0.2,1588.02,-84.05607
P11032-3,71638_20-22-29-95,50,0.2,1588.04,-120
P11032-3,71638_20-22-29-95,50,0.2,1588.06,-78.90759
P11032-3,71638_20-22-29-95,50,0.2,1588.08,-84.14991
P11032-3,71638_20-22-29-95,50,0.2,1588.1,-120
P11032-3,71638_20-22-29-95,50,0.2,1588.12,-77.05754
P11032-3,71638_20-22-29-95,50,0.2,1588.14,-84.76124
P11032-3,71638_20-22-29-95,50,0.2,1588.16,-81.60459
P11032-3,71638_20-22-29-95,50,0.2,1588.18,-83.35828
P11032-3,71638_20-22-29-95,50,0.2,1588.2,-86.89732
P11032-3,71638_20-22-29-95,50,0.2,1588.22,-120
P11032-3,71638_20-22-29-95,50,0.2,1588.24,-120
P11032-3,71638_20-22-29-95,50,0.2,1588.26,-120
P11032-3,71638_20-22-29-95,50,0.2,1588.28,-120
P11032-3,71638_20-22-29-95,50,0.2,1588.3,-79.51947
P11032-3,71638_20-22-29-95,50,0.2,1588.32,-77.6904
P11032-3,71638_20-22-29-95,50,0.2,1588.34,-80.11753
P11032-3,71638_20-22-29-95,50,0.2,1588.36,-120
P11032-3,71638_20-22-29-95,50,0.2,1588.38,-120
P11032-3,71638_20-22-29-95,50,0.2,1588.4,-80.65956
P11032-3,71638_20-22-29-95,50,0.2,1588.42,-74.50506
P11032-3,71638_20-22-29-95,50,0.2,1588.44,-82.70349
P11032-3,71638_20-22-29-95,50,0.2,1588.46,-120
P11032-3,71638_20-22-29-95,50,0.2,1588.48,-120
P11032-3,71638_20-22-29-95,50,0.2,1588.5,-82.38824
P11032-3,71638_20-22-29-95,50,0.2,1588.52,-120
P11032-3,71638_20-22-29-95,50,0.2,1588.54,-120
P11032-3,71638_20-22-29-95,50,0.2,1588.56,-80.55024
P11032-3,71638_20-22-29-95,50,0.2,1588.58,-75.90067
P11032-3,71638_20-22-29-95,50,0.2,1588.6,-120
P11032-3,71638_20-22-29-95,50,0.2,1588.62,-120
P11032-3,71638_20-22-29-95,50,0.2,1588.64,-79.66174
P11032-3,71638_20-22-29-95,50,0.2,1588.66,-120
P11032-3,71638_20-22-29-95,50,0.2,1588.68,-120
P11032-3,71638_20-22-29-95,50,0.2,1588.7,-80.50854
P11032-3,71638_20-22-29-95,50,0.2,1588.72,-80.80608
P11032-3,71638_20-22-29-95,50,0.2,1588.74,-120
P11032-3,71638_20-22-29-95,50,0.2,1588.76,-120
P11032-3,71638_20-22-29-95,50,0.2,1588.78,-120
P11032-3,71638_20-22-29-95,50,0.2,1588.8,-78.75496
P11032-3,71638_20-22-29-95,50,0.2,1588.82,-120
P11032-3,71638_20-22-29-95,50,0.2,1588.84,-120
P11032-3,71638_20-22-29-95,50,0.2,1588.86,-98.06319
P11032-3,71638_20-22-29-95,50,0.2,1588.88,-85.79879
P11032-3,71638_20-22-29-95,50,0.2,1588.9,-120
P11032-3,71638_20-22-29-95,50,0.2,1588.92,-77.91021
P11032-3,71638_20-22-29-95,50,0.2,1588.94,-92.86677
P11032-3,71638_20-22-29-95,50,0.2,1588.96,-120
P11032-3,71638_20-22-29-95,50,0.2,1588.98,-120
P11032-3,71638_20-22-29-95,50,0.2,1589,-120
P11032-3,71638_20-22-29-95,50,0.2,1589.02,-78.29152
P11032-3,71638_20-22-29-95,50,0.2,1589.04,-120
P11032-3,71638_20-22-29-95,50,0.2,1589.06,-75.14847
P11032-3,71638_20-22-29-95,50,0.2,1589.08,-120
P11032-3,71638_20-22-29-95,50,0.2,1589.1,-76.43592
P11032-3,71638_20-22-29-95,50,0.2,1589.12,-120
P11032-3,71638_20-22-29-95,50,0.2,1589.14,-83.87428
P11032-3,71638_20-22-29-95,50,0.2,1589.16,-120
P11032-3,71638_20-22-29-95,50,0.2,1589.18,-84.28874
P11032-3,71638_20-22-29-95,50,0.2,1589.2,-120
P11032-3,71638_20-22-29-95,50,0.2,1589.22,-80.99251
P11032-3,71638_20-22-29-95,50,0.2,1589.24,-81.07182
P11032-3,71638_20-22-29-95,50,0.2,1589.26,-120
P11032-3,71638_20-22-29-95,50,0.2,1589.28,-120
P11032-3,71638_20-22-29-95,50,0.2,1589.3,-120
P11032-3,71638_20-22-29-95,50,0.2,1589.32,-120
P11032-3,71638_20-22-29-95,50,0.2,1589.34,-76.42637
P11032-3,71638_20-22-29-95,50,0.2,1589.36,-120
P11032-3,71638_20-22-29-95,50,0.2,1589.38,-120
P11032-3,71638_20-22-29-95,50,0.2,1589.4,-84.56677
P11032-3,71638_20-22-29-95,50,0.2,1589.42,-91.49599
P11032-3,71638_20-22-29-95,50,0.2,1589.44,-81.0824
P11032-3,71638_20-22-29-95,50,0.2,1589.46,-120
P11032-3,71638_20-22-29-95,50,0.2,1589.48,-82.98346
P11032-3,71638_20-22-29-95,50,0.2,1589.5,-77.28856
P11032-3,71638_20-22-29-95,50,0.2,1589.52,-120
P11032-3,71638_20-22-29-95,50,0.2,1589.54,-120
P11032-3,71638_20-22-29-95,50,0.2,1589.56,-80.48954
P11032-3,71638_20-22-29-95,50,0.2,1589.58,-82.19755
P11032-3,71638_20-22-29-95,50,0.2,1589.6,-120
P11032-3,71638_20-22-29-95,50,0.2,1589.62,-80.87991
P11032-3,71638_20-22-29-95,50,0.2,1589.64,-120
P11032-3,71638_20-22-29-95,50,0.2,1589.66,-85.72189
P11032-3,71638_20-22-29-95,50,0.2,1589.68,-120
P11032-3,71638_20-22-29-95,50,0.2,1589.7,-120
P11032-3,71638_20-22-29-95,50,0.2,1589.72,-77.20333
P11032-3,71638_20-22-29-95,50,0.2,1589.74,-120
P11032-3,71638_20-22-29-95,50,0.2,1589.76,-78.65504
P11032-3,71638_20-22-29-95,50,0.2,1589.78,-85.12296
P11032-3,71638_20-22-29-95,50,0.2,1589.8,-120
P11032-3,71638_20-22-29-95,50,0.2,1589.82,-120
P11032-3,71638_20-22-29-95,50,0.2,1589.84,-74.91201
P11032-3,71638_20-22-29-95,50,0.2,1589.86,-120
P11032-3,71638_20-22-29-95,50,0.2,1589.88,-120
P11032-3,71638_20-22-29-95,50,0.2,1589.9,-78.60751
P11032-3,71638_20-22-29-95,50,0.2,1589.92,-85.80209
P11032-3,71638_20-22-29-95,50,0.2,1589.94,-81.31591
P11032-3,71638_20-22-29-95,50,0.2,1589.96,-79.43858
P11032-3,71638_20-22-29-95,50,0.2,1589.98,-83.9545
P11032-3,71638_20-22-29-95,50,0.2,1590,-120
P11032-3,71638_20-22-29-95,50,0.2,1590.02,-120
P11032-3,71638_20-22-29-95,50,0.2,1590.04,-120
P11032-3,71638_20-22-29-95,50,0.2,1590.06,-120
P11032-3,71638_20-22-29-95,50,0.2,1590.08,-78.92112
P11032-3,71638_20-22-29-95,50,0.2,1590.1,-120
P11032-3,71638_20-22-29-95,50,0.2,1590.12,-120
P11032-3,71638_20-22-29-95,50,0.2,1590.14,-92.57746
P11032-3,71638_20-22-29-95,50,0.2,1590.16,-81.8809
P11032-3,71638_20-22-29-95,50,0.2,1590.18,-79.56638
P11032-3,71638_20-22-29-95,50,0.2,1590.2,-77.7963
P11032-3,71638_20-22-29-95,50,0.2,1590.22,-120
P11032-3,71638_20-22-29-95,50,0.2,1590.24,-120
P11032-3,71638_20-22-29-95,50,0.2,1590.26,-78.90759
P11032-3,71638_20-22-29-95,50,0.2,1590.28,-120
P11032-3,71638_20-22-29-95,50,0.2,1590.3,-81.20503
P11032-3,71638_20-22-29-95,50,0.2,1590.32,-120
P11032-3,71638_20-22-29-95,50,0.2,1590.34,-78.33866
P11032-3,71638_20-22-29-95,50,0.2,1590.36,-79.22632
P11032-3,71638_20-22-29-95,50,0.2,1590.38,-76.43974
P11032-3,71638_20-22-29-95,50,0.2,1590.4,-92.57746
P11032-3,71638_20-22-29-95,50,0.2,1590.42,-77.46178
P11032-3,71638_20-22-29-95,50,0.2,1590.44,-77.56962
P11032-3,71638_20-22-29-95,50,0.2,1590.46,-120
P11032-3,71638_20-22-29-95,50,0.2,1590.48,-120
P11032-3,71638_20-22-29-95,50,0.2,1590.5,-120
P11032-3,71638_20-22-29-95,50,0.2,1590.52,-79.30702
P11032-3,71638_20-22-29-95,50,0.2,1590.54,-120
P11032-3,71638_20-22-29-95,50,0.2,1590.56,-120
P11032-3,71638_20-22-29-95,50,0.2,1590.58,-120
P11032-3,71638_20-22-29-95,50,0.2,1590.6,-81.99489
P11032-3,71638_20-22-29-95,50,0.2,1590.62,-76.40924
P11032-3,71638_20-22-29-95,50,0.2,1590.64,-83.36205
P11032-3,71638_20-22-29-95,50,0.2,1590.66,-120
P11032-3,71638_20-22-29-95,50,0.2,1590.68,-77.0708
P11032-3,71638_20-22-29-95,50,0.2,1590.7,-80.01436
P11032-3,71638_20-22-29-95,50,0.2,1590.72,-76.18885
P11032-3,71638_20-22-29-95,50,0.2,1590.74,-89.43095
P11032-3,71638_20-22-29-95,50,0.2,1590.76,-75.02241
P11032-3,71638_20-22-29-95,50,0.2,1590.78,-120
P11032-3,71638_20-22-29-95,50,0.2,1590.8,-86.55804
P11032-3,71638_20-22-29-95,50,0.2,1590.82,-120
P11032-3,71638_20-22-29-95,50,0.2,1590.84,-86.97886
P11032-3,71638_20-22-29-95,50,0.2,1590.86,-76.68775
P11032-3,71638_20-22-29-95,50,0.2,1590.88,-120
P11032-3,71638_20-22-29-95,50,0.2,1590.9,-120
P11032-3,71638_20-22-29-95,50,0.2,1590.92,-120
P11032-3,71638_20-22-29-95,50,0.2,1590.94,-96.65345
P11032-3,71638_20-22-29-95,50,0.2,1590.96,-120
P11032-3,71638_20-22-29-95,50,0.2,1590.98,-81.19129
P11032-3,71638_20-22-29-95,50,0.2,1591,-90.75359
P11032-3,71638_20-22-29-95,50,0.2,1591.02,-120
P11032-3,71638_20-22-29-95,50,0.2,1591.04,-80.4542
P11032-3,71638_20-22-29-95,50,0.2,1591.06,-120
P11032-3,71638_20-22-29-95,50,0.2,1591.08,-79.12574
P11032-3,71638_20-22-29-95,50,0.2,1591.1,-120
P11032-3,71638_20-22-29-95,50,0.2,1591.12,-120
P11032-3,71638_20-22-29-95,50,0.2,1591.14,-120
P11032-3,71638_20-22-29-95,50,0.2,1591.16,-120
P11032-3,71638_20-22-29-95,50,0.2,1591.18,-120
P11032-3,71638_20-22-29-95,50,0.2,1591.2,-78.81405
P11032-3,71638_20-22-29-95,50,0.2,1591.22,-78.78112
P11032-3,71638_20-22-29-95,50,0.2,1591.24,-120
P11032-3,71638_20-22-29-95,50,0.2,1591.26,-120
P11032-3,71638_20-22-29-95,50,0.2,1591.28,-120
P11032-3,71638_20-22-29-95,50,0.2,1591.3,-120
P11032-3,71638_20-22-29-95,50,0.2,1591.32,-120
P11032-3,71638_20-22-29-95,50,0.2,1591.34,-120
P11032-3,71638_20-22-29-95,50,0.2,1591.36,-83.02509
P11032-3,71638_20-22-29-95,50,0.2,1591.38,-120
P11032-3,71638_20-22-29-95,50,0.2,1591.4,-82.94136
P11032-3,71638_20-22-29-95,50,0.2,1591.42,-93.52324
P11032-3,71638_20-22-29-95,50,0.2,1591.44,-120
P11032-3,71638_20-22-29-95,50,0.2,1591.46,-120
P11032-3,71638_20-22-29-95,50,0.2,1591.48,-79.43858
P11032-3,71638_20-22-29-95,50,0.2,1591.5,-120
P11032-3,71638_20-22-29-95,50,0.2,1591.52,-77.29787
P11032-3,71638_20-22-29-95,50,0.2,1591.54,-120
P11032-3,71638_20-22-29-95,50,0.2,1591.56,-79.56245
P11032-3,71638_20-22-29-95,50,0.2,1591.58,-120
P11032-3,71638_20-22-29-95,50,0.2,1591.6,-77.42561
P11032-3,71638_20-22-29-95,50,0.2,1591.62,-78.06319
P11032-3,71638_20-22-29-95,50,0.2,1591.64,-120
P11032-3,71638_20-22-29-95,50,0.2,1591.66,-120
P11032-3,71638_20-22-29-95,50,0.2,1591.68,-79.33301
P11032-3,71638_20-22-29-95,50,0.2,1591.7,-120
P11032-3,71638_20-22-29-95,50,0.2,1591.72,-120
P11032-3,71638_20-22-29-95,50,0.2,1591.74,-90.28399
P11032-3,71638_20-22-29-95,50,0.2,1591.76,-120
P11032-3,71638_20-22-29-95,50,0.2,1591.78,-120
P11032-3,71638_20-22-29-95,50,0.2,1591.8,-120
P11032-3,71638_20-22-29-95,50,0.2,1591.82,-100.1737
P11032-3,71638_20-22-29-95,50,0.2,1591.84,-80.57793
P11032-3,71638_20-22-29-95,50,0.2,1591.86,-81.80127
P11032-3,71638_20-22-29-95,50,0.2,1591.88,-82.72134
P11032-3,71638_20-22-29-95,50,0.2,1591.9,-120
P11032-3,71638_20-22-29-95,50,0.2,1591.92,-120
P11032-3,71638_20-22-29-95,50,0.2,1591.94,-78.32683
P11032-3,71638_20-22-29-95,50,0.2,1591.96,-84.82804
P11032-3,71638_20-22-29-95,50,0.2,1591.98,-85.49443
P11032-3,71638_20-22-29-95,50,0.2,1592,-79.59398
P11032-3,71638_20-22-29-95,50,0.2,1592.02,-120
P11032-3,71638_20-22-29-95,50,0.2,1592.04,-77.602
P11032-3,71638_20-22-29-95,50,0.2,1592.06,-120
P11032-3,71638_20-22-29-95,50,0.2,1592.08,-86.90157
P11032-3,71638_20-22-29-95,50,0.2,1592.1,-81.15658
P11032-3,71638_20-22-29-95,50,0.2,1592.12,-76.70602
P11032-3,71638_20-22-29-95,50,0.2,1592.14,-80.79147
P11032-3,71638_20-22-29-95,50,0.2,1592.16,-80.1417
P11032-3,71638_20-22-29-95,50,0.2,1592.18,-120
P11032-3,71638_20-22-29-95,50,0.2,1592.2,-76.25435
P11032-3,71638_20-22-29-95,50,0.2,1592.22,-79.46154
P11032-3,71638_20-22-29-95,50,0.2,1592.24,-86.77574
P11032-3,71638_20-22-29-95,50,0.2,1592.26,-120
P11032-3,71638_20-22-29-95,50,0.2,1592.28,-83.78928
P11032-3,71638_20-22-29-95,50,0.2,1592.3,-120
P11032-3,71638_20-22-29-95,50,0.2,1592.32,-78.27105
P11032-3,71638_20-22-29-95,50,0.2,1592.34,-81.33299
P11032-3,71638_20-22-29-95,50,0.2,1592.36,-120
P11032-3,71638_20-22-29-95,50,0.2,1592.38,-83.1158
P11032-3,71638_20-22-29-95,50,0.2,1592.4,-120
P11032-3,71638_20-22-29-95,50,0.2,1592.42,-120
P11032-3,71638_20-22-29-95,50,0.2,1592.44,-85.83692
P11032-3,71638_20-22-29-95,50,0.2,1592.46,-79.17933
P11032-3,71638_20-22-29-95,50,0.2,1592.48,-120
P11032-3,71638_20-22-29-95,50,0.2,1592.5,-120
P11032-3,71638_20-22-29-95,50,0.2,1592.52,-120
P11032-3,71638_20-22-29-95,50,0.2,1592.54,-120
P11032-3,71638_20-22-29-95,50,0.2,1592.56,-77.77024
P11032-3,71638_20-22-29-95,50,0.2,1592.58,-120
P11032-3,71638_20-22-29-95,50,0.2,1592.6,-83.02074
P11032-3,71638_20-22-29-95,50,0.2,1592.62,-120
P11032-3,71638_20-22-29-95,50,0.2,1592.64,-120
P11032-3,71638_20-22-29-95,50,0.2,1592.66,-80.12289
P11032-3,71638_20-22-29-95,50,0.2,1592.68,-120
P11032-3,71638_20-22-29-95,50,0.2,1592.7,-75.74466
P11032-3,71638_20-22-29-95,50,0.2,1592.72,-84.14652
P11032-3,71638_20-22-29-95,50,0.2,1592.74,-80.78314
P11032-3,71638_20-22-29-95,50,0.2,1592.76,-120
P11032-3,71638_20-22-29-95,50,0.2,1592.78,-120
P11032-3,71638_20-22-29-95,50,0.2,1592.8,-81.10082
P11032-3,71638_20-22-29-95,50,0.2,1592.82,-80.01784
P11032-3,71638_20-22-29-95,50,0.2,1592.84,-120
P11032-3,71638_20-22-29-95,50,0.2,1592.86,-85.50059
P11032-3,71638_20-22-29-95,50,0.2,1592.88,-120
P11032-3,71638_20-22-29-95,50,0.2,1592.9,-84.50997
P11032-3,71638_20-22-29-95,50,0.2,1592.92,-88.51397
P11032-3,71638_20-22-29-95,50,0.2,1592.94,-75.46682
P11032-3,71638_20-22-29-95,50,0.2,1592.96,-120
P11032-3,71638_20-22-29-95,50,0.2,1592.98,-77.19422
P11032-3,71638_20-22-29-95,50,0.2,1593,-120
P11032-3,71638_20-22-29-95,50,0.2,1593.02,-120
P11032-3,71638_20-22-29-95,50,0.2,1593.04,-120
P11032-3,71638_20-22-29-95,50,0.2,1593.06,-120
P11032-3,71638_20-22-29-95,50,0.2,1593.08,-77.97784
P11032-3,71638_20-22-29-95,50,0.2,1593.1,-80.80033
P11032-3,71638_20-22-29-95,50,0.2,1593.12,-80.98705
P11032-3,71638_20-22-29-95,50,0.2,1593.14,-120
P11032-3,71638_20-22-29-95,50,0.2,1593.16,-92.56177
P11032-3,71638_20-22-29-95,50,0.2,1593.18,-120
P11032-3,71638_20-22-29-95,50,0.2,1593.2,-120
P11032-3,71638_20-22-29-95,50,0.2,1593.22,-80.29607
P11032-3,71638_20-22-29-95,50,0.2,1593.24,-81.50274
P11032-3,71638_20-22-29-95,50,0.2,1593.26,-120
P11032-3,71638_20-22-29-95,50,0.2,1593.28,-120
P11032-3,71638_20-22-29-95,50,0.2,1593.3,-80.11084
P11032-3,71638_20-22-29-95,50,0.2,1593.32,-92.19539
P11032-3,71638_20-22-29-95,50,0.2,1593.34,-78.86057
P11032-3,71638_20-22-29-95,50,0.2,1593.36,-78.12197
P11032-3,71638_20-22-29-95,50,0.2,1593.38,-120
P11032-3,71638_20-22-29-95,50,0.2,1593.4,-120
P11032-3,71638_20-22-29-95,50,0.2,1593.42,-91.78159
P11032-3,71638_20-22-29-95,50,0.2,1593.44,-120
P11032-3,71638_20-22-29-95,50,0.2,1593.46,-82.80006
P11032-3,71638_20-22-29-95,50,0.2,1593.48,-120
P11032-3,71638_20-22-29-95,50,0.2,1593.5,-84.32503
P11032-3,71638_20-22-29-95,50,0.2,1593.52,-78.09949
P11032-3,71638_20-22-29-95,50,0.2,1593.54,-120
P11032-3,71638_20-22-29-95,50,0.2,1593.56,-90.72989
P11032-3,71638_20-22-29-95,50,0.2,1593.58,-82.46953
P11032-3,71638_20-22-29-95,50,0.2,1593.6,-120
P11032-3,71638_20-22-29-95,50,0.2,1593.62,-120
P11032-3,71638_20-22-29-95,50,0.2,1593.64,-120
P11032-3,71638_20-22-29-95,50,0.2,1593.66,-120
P11032-3,71638_20-22-29-95,50,0.2,1593.68,-82.79179
P11032-3,71638_20-22-29-95,50,0.2,1593.7,-86.57775
P11032-3,71638_20-22-29-95,50,0.2,1593.72,-120
P11032-3,71638_20-22-29-95,50,0.2,1593.74,-120
P11032-3,71638_20-22-29-95,50,0.2,1593.76,-80.90979
P11032-3,71638_20-22-29-95,50,0.2,1593.78,-85.04456
P11032-3,71638_20-22-29-95,50,0.2,1593.8,-120
P11032-3,71638_20-22-29-95,50,0.2,1593.82,-120
P11032-3,71638_20-22-29-95,50,0.2,1593.84,-120
P11032-3,71638_20-22-29-95,50,0.2,1593.86,-84.0849
P11032-3,71638_20-22-29-95,50,0.2,1593.88,-78.17015
P11032-3,71638_20-22-29-95,50,0.2,1593.9,-79.43476
P11032-3,71638_20-22-29-95,50,0.2,1593.92,-120
P11032-3,71638_20-22-29-95,50,0.2,1593.94,-120
P11032-3,71638_20-22-29-95,50,0.2,1593.96,-100.1417
P11032-3,71638_20-22-29-95,50,0.2,1593.98,-80.62382
P11032-3,71638_20-22-29-95,50,0.2,1594,-81.15205
P11032-3,71638_20-22-29-95,50,0.2,1594.02,-120
P11032-3,71638_20-22-29-95,50,0.2,1594.04,-120
P11032-3,71638_20-22-29-95,50,0.2,1594.06,-78.25068
P11032-3,71638_20-22-29-95,50,0.2,1594.08,-82.24462
P11032-3,71638_20-22-29-95,50,0.2,1594.1,-120
P11032-3,71638_20-22-29-95,50,0.2,1594.12,-120
P11032-3,71638_20-22-29-95,50,0.2,1594.14,-120
P11032-3,71638_20-22-29-95,50,0.2,1594.16,-120
P11032-3,71638_20-22-29-95,50,0.2,1594.18,-120
P11032-3,71638_20-22-29-95,50,0.2,1594.2,-85.08638
P11032-3,71638_20-22-29-95,50,0.2,1594.22,-120
P11032-3,71638_20-22-29-95,50,0.2,1594.24,-120
P11032-3,71638_20-22-29-95,50,0.2,1594.26,-76.43783
P11032-3,71638_20-22-29-95,50,0.2,1594.28,-120
P11032-3,71638_20-22-29-95,50,0.2,1594.3,-85.18988
P11032-3,71638_20-22-29-95,50,0.2,1594.32,-75.60667
P11032-3,71638_20-22-29-95,50,0.2,1594.34,-120
P11032-3,71638_20-22-29-95,50,0.2,1594.36,-80.98269
P11032-3,71638_20-22-29-95,50,0.2,1594.38,-120
P11032-3,71638_20-22-29-95,50,0.2,1594.4,-120
P11032-3,71638_20-22-29-95,50,0.2,1594.42,-79.1151
P11032-3,71638_20-22-29-95,50,0.2,1594.44,-76.82354
P11032-3,71638_20-22-29-95,50,0.2,1594.46,-120
P11032-3,71638_20-22-29-95,50,0.2,1594.48,-120
P11032-3,71638_20-22-29-95,50,0.2,1594.5,-120
P11032-3,71638_20-22-29-95,50,0.2,1594.52,-78.21023
P11032-3,71638_20-22-29-95,50,0.2,1594.54,-90.28817
P11032-3,71638_20-22-29-95,50,0.2,1594.56,-88.9449
P11032-3,71638_20-22-29-95,50,0.2,1594.58,-120
P11032-3,71638_20-22-29-95,50,0.2,1594.6,-120
P11032-3,71638_20-22-29-95,50,0.2,1594.62,-80.39672
P11032-3,71638_20-22-29-95,50,0.2,1594.64,-80.96422
P11032-3,71638_20-22-29-95,50,0.2,1594.66,-90.06828
P11032-3,71638_20-22-29-95,50,0.2,1594.68,-85.88549
P11032-3,71638_20-22-29-95,50,0.2,1594.7,-80.12915
P11032-3,71638_20-22-29-95,50,0.2,1594.72,-82.05651
P11032-3,71638_20-22-29-95,50,0.2,1594.74,-91.98939
P11032-3,71638_20-22-29-95,50,0.2,1594.76,-89.24088
P11032-3,71638_20-22-29-95,50,0.2,1594.78,-120
P11032-3,71638_20-22-29-95,50,0.2,1594.8,-120
P11032-3,71638_20-22-29-95,50,0.2,1594.82,-120
P11032-3,71638_20-22-29-95,50,0.2,1594.84,-120
P11032-3,71638_20-22-29-95,50,0.2,1594.86,-75.38351
P11032-3,71638_20-22-29-95,50,0.2,1594.88,-120
P11032-3,71638_20-22-29-95,50,0.2,1594.9,-120
P11032-3,71638_20-22-29-95,50,0.2,1594.92,-120
P11032-3,71638_20-22-29-95,50,0.2,1594.94,-120
P11032-3,71638_20-22-29-95,50,0.2,1594.96,-120
P11032-3,71638_20-22-29-95,50,0.2,1594.98,-120
P11032-3,71638_20-22-29-95,50,0.2,1595,-77.7083
P11032-3,71638_20-22-29-95,50,0.2,1595.02,-80.09928
P11032-3,71638_20-22-29-95,50,0.2,1595.04,-85.69925
P11032-3,71638_20-22-29-95,50,0.2,1595.06,-120
P11032-3,71638_20-22-29-95,50,0.2,1595.08,-120
P11032-3,71638_20-22-29-95,50,0.2,1595.1,-120
P11032-3,71638_20-22-29-95,50,0.2,1595.12,-77.02458
P11032-3,71638_20-22-29-95,50,0.2,1595.14,-120
P11032-3,71638_20-22-29-95,50,0.2,1595.16,-120
P11032-3,71638_20-22-29-95,50,0.2,1595.18,-83.0103
P11032-3,71638_20-22-29-95,50,0.2,1595.2,-120
P11032-3,71638_20-22-29-95,50,0.2,1595.22,-77.36364
P11032-3,71638_20-22-29-95,50,0.2,1595.24,-78.24488
P11032-3,71638_20-22-29-95,50,0.2,1595.26,-120
P11032-3,71638_20-22-29-95,50,0.2,1595.28,-120
P11032-3,71638_20-22-29-95,50,0.2,1595.3,-120
P11032-3,71638_20-22-29-95,50,0.2,1595.32,-90.68186
P11032-3,71638_20-22-29-95,50,0.2,1595.34,-120
P11032-3,71638_20-22-29-95,50,0.2,1595.36,-120
P11032-3,71638_20-22-29-95,50,0.2,1595.38,-120
P11032-3,71638_20-22-29-95,50,0.2,1595.4,-120
P11032-3,71638_20-22-29-95,50,0.2,1595.42,-81.09467
P11032-3,71638_20-22-29-95,50,0.2,1595.44,-78.99285
P11032-3,71638_20-22-29-95,50,0.2,1595.46,-78.53562
P11032-3,71638_20-22-29-95,50,0.2,1595.48,-120
P11032-3,71638_20-22-29-95,50,0.2,1595.5,-120
P11032-3,71638_20-22-29-95,50,0.2,1595.52,-120
P11032-3,71638_20-22-29-95,50,0.2,1595.54,-83.44381
P11032-3,71638_20-22-29-95,50,0.2,1595.56,-120
P11032-3,71638_20-22-29-95,50,0.2,1595.58,-78.14741
P11032-3,71638_20-22-29-95,50,0.2,1595.6,-120
P11032-3,71638_20-22-29-95,50,0.2,1595.62,-82.98778
P11032-3,71638_20-22-29-95,50,0.2,1595.64,-120
P11032-3,71638_20-22-29-95,50,0.2,1595.66,-85.6607
P11032-3,71638_20-22-29-95,50,0.2,1595.68,-120
P11032-3,71638_20-22-29-95,50,0.2,1595.7,-81.07349
P11032-3,71638_20-22-29-95,50,0.2,1595.72,-120
P11032-3,71638_20-22-29-95,50,0.2,1595.74,-87.5721
P11032-3,71638_20-22-29-95,50,0.2,1595.76,-120
P11032-3,71638_20-22-29-95,50,0.2,1595.78,-77.51291
P11032-3,71638_20-22-29-95,50,0.2,1595.8,-78.64549
P11032-3,71638_20-22-29-95,50,0.2,1595.82,-91.87488
P11032-3,71638_20-22-29-95,50,0.2,1595.84,-120
P11032-3,71638_20-22-29-95,50,0.2,1595.86,-120
P11032-3,71638_20-22-29-95,50,0.2,1595.88,-82.0845
P11032-3,71638_20-22-29-95,50,0.2,1595.9,-120
P11032-3,71638_20-22-29-95,50,0.2,1595.92,-120
P11032-3,71638_20-22-29-95,50,0.2,1595.94,-78.3654
P11032-3,71638_20-22-29-95,50,0.2,1595.96,-83.23764
P11032-3,71638_20-22-29-95,50,0.2,1595.98,-120
P11032-3,71638_20-22-29-95,50,0.2,1596,-79.27383
P11032-3,71638_20-22-29-95,50,0.2,1596.02,-81.28194
P11032-3,71638_20-22-29-95,50,0.2,1596.04,-91.40501
P11032-3,71638_20-22-29-95,50,0.2,1596.06,-120
P11032-3,71638_20-22-29-95,50,0.2,1596.08,-82.44506
P11032-3,71638_20-22-29-95,50,0.2,1596.1,-82.88783
P11032-3,71638_20-22-29-95,50,0.2,1596.12,-120
P11032-3,71638_20-22-29-95,50,0.2,1596.14,-78.22175
P11032-3,71638_20-22-29-95,50,0.2,1596.16,-120
P11032-3,71638_20-22-29-95,50,0.2,1596.18,-120
P11032-3,71638_20-22-29-95,50,0.2,1596.2,-120
P11032-3,71638_20-22-29-95,50,0.2,1596.22,-120
P11032-3,71638_20-22-29-95,50,0.2,1596.24,-79.8506
P11032-3,71638_20-22-29-95,50,0.2,1596.26,-120
P11032-3,71638_20-22-29-95,50,0.2,1596.28,-120
P11032-3,71638_20-22-29-95,50,0.2,1596.3,-82.92515
P11032-3,71638_20-22-29-95,50,0.2,1596.32,-120
P11032-3,71638_20-22-29-95,50,0.2,1596.34,-120
P11032-3,71638_20-22-29-95,50,0.2,1596.36,-120
P11032-3,71638_20-22-29-95,50,0.2,1596.38,-120
P11032-3,71638_20-22-29-95,50,0.2,1596.4,-78.61066
P11032-3,71638_20-22-29-95,50,0.2,1596.42,-79.75514
P11032-3,71638_20-22-29-95,50,0.2,1596.44,-120
P11032-3,71638_20-22-29-95,50,0.2,1596.46,-81.17817
P11032-3,71638_20-22-29-95,50,0.2,1596.48,-120
P11032-3,71638_20-22-29-95,50,0.2,1596.5,-120
P11032-3,71638_20-22-29-95,50,0.2,1596.52,-120
P11032-3,71638_20-22-29-95,50,0.2,1596.54,-78.88401
P11032-3,71638_20-22-29-95,50,0.2,1596.56,-79.66174
P11032-3,71638_20-22-29-95,50,0.2,1596.58,-120
P11032-3,71638_20-22-29-95,50,0.2,1596.6,-83.27071
P11032-3,71638_20-22-29-95,50,0.2,1596.62,-79.2336
P11032-3,71638_20-22-29-95,50,0.2,1596.64,-120
P11032-3,71638_20-22-29-95,50,0.2,1596.66,-120
P11032-3,71638_20-22-29-95,50,0.2,1596.68,-81.61214
P11032-3,71638_20-22-29-95,50,0.2,1596.7,-76.79023
P11032-3,71638_20-22-29-95,50,0.2,1596.72,-120
P11032-3,71638_20-22-29-95,50,0.2,1596.74,-120
P11032-3,71638_20-22-29-95,50,0.2,1596.76,-87.20105
P11032-3,71638_20-22-29-95,50,0.2,1596.78,-120
P11032-3,71638_20-22-29-95,50,0.2,1596.8,-82.99556
P11032-3,71638_20-22-29-95,50,0.2,1596.82,-120
P11032-3,71638_20-22-29-95,50,0.2,1596.84,-120
P11032-3,71638_20-22-29-95,50,0.2,1596.86,-92.02663
P11032-3,71638_20-22-29-95,50,0.2,1596.88,-120
P11032-3,71638_20-22-29-95,50,0.2,1596.9,-83.63713
P11032-3,71638_20-22-29-95,50,0.2,1596.92,-120
P11032-3,71638_20-22-29-95,50,0.2,1596.94,-120
P11032-3,71638_20-22-29-95,50,0.2,1596.96,-80.15338
P11032-3,71638_20-22-29-95,50,0.2,1596.98,-120
P11032-3,71638_20-22-29-95,50,0.2,1597,-77.21018
P11032-3,71638_20-22-29-95,50,0.2,1597.02,-120
P11032-3,71638_20-22-29-95,50,0.2,1597.04,-120
P11032-3,71638_20-22-29-95,50,0.2,1597.06,-120
P11032-3,71638_20-22-29-95,50,0.2,1597.08,-83.72327
P11032-3,71638_20-22-29-95,50,0.2,1597.1,-120
P11032-3,71638_20-22-29-95,50,0.2,1597.12,-88.77129
P11032-3,71638_20-22-29-95,50,0.2,1597.14,-83.90406
P11032-3,71638_20-22-29-95,50,0.2,1597.16,-80.88044
P11032-3,71638_20-22-29-95,50,0.2,1597.18,-120
P11032-3,71638_20-22-29-95,50,0.2,1597.2,-87.31422
P11032-3,71638_20-22-29-95,50,0.2,1597.22,-77.86217
P11032-3,71638_20-22-29-95,50,0.2,1597.24,-120
P11032-3,71638_20-22-29-95,50,0.2,1597.26,-77.734
P11032-3,71638_20-22-29-95,50,0.2,1597.28,-120
P11032-3,71638_20-22-29-95,50,0.2,1597.3,-82.00935
P11032-3,71638_20-22-29-95,50,0.2,1597.32,-81.15658
P11032-3,71638_20-22-29-95,50,0.2,1597.34,-120
P11032-3,71638_20-22-29-95,50,0.2,1597.36,-120
P11032-3,71638_20-22-29-95,50,0.2,1597.38,-83.60912
P11032-3,71638_20-22-29-95,50,0.2,1597.4,-120
P11032-3,71638_20-22-29-95,50,0.2,1597.42,-76.0415
P11032-3,71638_20-22-29-95,50,0.2,1597.44,-120
P11032-3,71638_20-22-29-95,50,0.2,1597.46,-120
P11032-3,71638_20-22-29-95,50,0.2,1597.48,-79.86741
P11032-3,71638_20-22-29-95,50,0.2,1597.5,-78.85056
P11032-3,71638_20-22-29-95,50,0.2,1597.52,-120
P11032-3,71638_20-22-29-95,50,0.2,1597.54,-120
P11032-3,71638_20-22-29-95,50,0.2,1597.56,-120
P11032-3,71638_20-22-29-95,50,0.2,1597.58,-120
P11032-3,71638_20-22-29-95,50,0.2,1597.6,-81.16736
P11032-3,71638_20-22-29-95,50,0.2,1597.62,-120
P11032-3,71638_20-22-29-95,50,0.2,1597.64,-120
P11032-3,71638_20-22-29-95,50,0.2,1597.66,-83.18759
P11032-3,71638_20-22-29-95,50,0.2,1597.68,-120
P11032-3,71638_20-22-29-95,50,0.2,1597.7,-84.19988
P11032-3,71638_20-22-29-95,50,0.2,1597.72,-79.25184
P11032-3,71638_20-22-29-95,50,0.2,1597.74,-120
P11032-3,71638_20-22-29-95,50,0.2,1597.76,-87.70062
P11032-3,71638_20-22-29-95,50,0.2,1597.78,-120
P11032-3,71638_20-22-29-95,50,0.2,1597.8,-120
P11032-3,71638_20-22-29-95,50,0.2,1597.82,-95.12014
P11032-3,71638_20-22-29-95,50,0.2,1597.84,-120
P11032-3,71638_20-22-29-95,50,0.2,1597.86,-120
P11032-3,71638_20-22-29-95,50,0.2,1597.88,-84.75344
P11032-3,71638_20-22-29-95,50,0.2,1597.9,-82.62489
P11032-3,71638_20-22-29-95,50,0.2,1597.92,-120
P11032-3,71638_20-22-29-95,50,0.2,1597.94,-81.09132
P11032-3,71638_20-22-29-95,50,0.2,1597.96,-120
P11032-3,71638_20-22-29-95,50,0.2,1597.98,-84.21361
P11032-3,71638_20-22-29-95,50,0.2,1598,-120
P11032-3,71638_20-22-29-95,50,0.2,1598.02,-120
P11032-3,71638_20-22-29-95,50,0.2,1598.04,-120
P11032-3,71638_20-22-29-95,50,0.2,1598.06,-92.37697
P11032-3,71638_20-22-29-95,50,0.2,1598.08,-79.06929
P11032-3,71638_20-22-29-95,50,0.2,1598.1,-83.88808
P11032-3,71638_20-22-29-95,50,0.2,1598.12,-120
P11032-3,71638_20-22-29-95,50,0.2,1598.14,-81.17419
P11032-3,71638_20-22-29-95,50,0.2,1598.16,-120
P11032-3,71638_20-22-29-95,50,0.2,1598.18,-84.17142
P11032-3,71638_20-22-29-95,50,0.2,1598.2,-120
P11032-3,71638_20-22-29-95,50,0.2,1598.22,-120
P11032-3,71638_20-22-29-95,50,0.2,1598.24,-120
P11032-3,71638_20-22-29-95,50,0.2,1598.26,-120
P11032-3,71638_20-22-29-95,50,0.2,1598.28,-79.24088
P11032-3,71638_20-22-29-95,50,0.2,1598.3,-120
P11032-3,71638_20-22-29-95,50,0.2,1598.32,-82.29443
P11032-3,71638_20-22-29-95,50,0.2,1598.34,-120
P11032-3,71638_20-22-29-95,50,0.2,1598.36,-78.09668
P11032-3,71638_20-22-29-95,50,0.2,1598.38,-120
P11032-3,71638_20-22-29-95,50,0.2,1598.4,-120
P11032-3,71638_20-22-29-95,50,0.2,1598.42,-81.21248
P11032-3,71638_20-22-29-95,50,0.2,1598.44,-77.39213
P11032-3,71638_20-22-29-95,50,0.2,1598.46,-120
P11032-3,71638_20-22-29-95,50,0.2,1598.48,-83.09627
P11032-3,71638_20-22-29-95,50,0.2,1598.5,-74.99626
P11032-3,71638_20-22-29-95,50,0.2,1598.52,-120
P11032-3,71638_20-22-29-95,50,0.2,1598.54,-86.10834
P11032-3,71638_20-22-29-95,50,0.2,1598.56,-120
P11032-3,71638_20-22-29-95,50,0.2,1598.58,-120
P11032-3,71638_20-22-29-95,50,0.2,1598.6,-77.5995
P11032-3,71638_20-22-29-95,50,0.2,1598.62,-78.29738
P11032-3,71638_20-22-29-95,50,0.2,1598.64,-82.56255
P11032-3,71638_20-22-29-95,50,0.2,1598.66,-120
P11032-3,71638_20-22-29-95,50,0.2,1598.68,-90.64291
P11032-3,71638_20-22-29-95,50,0.2,1598.7,-91.77048
P11032-3,71638_20-22-29-95,50,0.2,1598.72,-120
P11032-3,71638_20-22-29-95,50,0.2,1598.74,-82.07819
P11032-3,71638_20-22-29-95,50,0.2,1598.76,-120
P11032-3,71638_20-22-29-95,50,0.2,1598.78,-76.61942
P11032-3,71638_20-22-29-95,50,0.2,1598.8,-120
P11032-3,71638_20-22-29-95,50,0.2,1598.82,-120
P11032-3,71638_20-22-29-95,50,0.2,1598.84,-84.41171
P11032-3,71638_20-22-29-95,50,0.2,1598.86,-120
P11032-3,71638_20-22-29-95,50,0.2,1598.88,-80.07933
P11032-3,71638_20-22-29-95,50,0.2,1598.9,-92.86258
P11032-3,71638_20-22-29-95,50,0.2,1598.92,-85.99808
P11032-3,71638_20-22-29-95,50,0.2,1598.94,-120
P11032-3,71638_20-22-29-95,50,0.2,1598.96,-79.68996
P11032-3,71638_20-22-29-95,50,0.2,1598.98,-86.89519
P11032-3,71638_20-22-29-95,50,0.2,1599,-77.55475
P11032-3,71638_20-22-29-95,50,0.2,1599.02,-120
P11032-3,71638_20-22-29-95,50,0.2,1599.04,-120
P11032-3,71638_20-22-29-95,50,0.2,1599.06,-120
P11032-3,71638_20-22-29-95,50,0.2,1599.08,-86.86766
P11032-3,71638_20-22-29-95,50,0.2,1599.1,-77.57707
P11032-3,71638_20-22-29-95,50,0.2,1599.12,-120
P11032-3,71638_20-22-29-95,50,0.2,1599.14,-120
P11032-3,71638_20-22-29-95,50,0.2,1599.16,-76.17803
P11032-3,71638_20-22-29-95,50,0.2,1599.18,-90.96476
P11032-3,71638_20-22-29-95,50,0.2,1599.2,-120
P11032-3,71638_20-22-29-95,50,0.2,1599.22,-76.42065
P11032-3,71638_20-22-29-95,50,0.2,1599.24,-75.03624
P11032-3,71638_20-22-29-95,50,0.2,1599.26,-82.80006
P11032-3,71638_20-22-29-95,50,0.2,1599.28,-78.51089
P11032-3,71638_20-22-29-95,50,0.2,1599.3,-83.93619
P11032-3,71638_20-22-29-95,50,0.2,1599.32,-79.8632
P11032-3,71638_20-22-29-95,50,0.2,1599.34,-85.38351
P11032-3,71638_20-22-29-95,50,0.2,1599.36,-77.8728
P11032-3,71638_20-22-29-95,50,0.2,1599.38,-120
P11032-3,71638_20-22-29-95,50,0.2,1599.4,-120
P11032-3,71638_20-22-29-95,50,0.2,1599.42,-120
P11032-3,71638_20-22-29-95,50,0.2,1599.44,-120
P11032-3,71638_20-22-29-95,50,0.2,1599.46,-120
P11032-3,71638_20-22-29-95,50,0.2,1599.48,-120
P11032-3,71638_20-22-29-95,50,0.2,1599.5,-120
P11032-3,71638_20-22-29-95,50,0.2,1599.52,-120
P11032-3,71638_20-22-29-95,50,0.2,1599.54,-120
P11032-3,71638_20-22-29-95,50,0.2,1599.56,-120
P11032-3,71638_20-22-29-95,50,0.2,1599.58,-80.82915
P11032-3,71638_20-22-29-95,50,0.2,1599.6,-82.64641
P11032-3,71638_20-22-29-95,50,0.2,1599.62,-88.05486
P11032-3,71638_20-22-29-95,50,0.2,1599.64,-120
P11032-3,71638_20-22-29-95,50,0.2,1599.66,-120
P11032-3,71638_20-22-29-95,50,0.2,1599.68,-120
P11032-3,71638_20-22-29-95,50,0.2,1599.7,-80.69509
P11032-3,71638_20-22-29-95,50,0.2,1599.72,-80.59583
P11032-3,71638_20-22-29-95,50,0.2,1599.74,-120
P11032-3,71638_20-22-29-95,50,0.2,1599.76,-86.08007
P11032-3,71638_20-22-29-95,50,0.2,1599.78,-80.6083
P11032-3,71638_20-22-29-95,50,0.2,1599.8,-120
P11032-3,71638_20-22-29-95,50,0.2,1599.82,-82.81664
P11032-3,71638_20-22-29-95,50,0.2,1599.84,-77.85951
P11032-3,71638_20-22-29-95,50,0.2,1599.86,-120
P11032-3,71638_20-22-29-95,50,0.2,1599.88,-120
P11032-3,71638_20-22-29-95,50,0.2,1599.9,-120
P11032-3,71638_20-22-29-95,50,0.2,1599.92,-80.36259
P11032-3,71638_20-22-29-95,50,0.2,1599.94,-120
P11032-3,71638_20-22-29-95,50,0.2,1599.96,-82.35077
P11032-3,71638_20-22-29-95,50,0.2,1599.98,-83.50373
P11032-3,71638_20-22-29-95,50,0.2,1600,-86.08007
P11032-3,71638_20-22-29-95,50,0.2,1600.02,-81.10362
P11032-3,71638_20-22-29-95,50,0.2,1600.04,-120
P11032-3,71638_20-22-29-95,50,0.2,1600.06,-88.41035
P11032-3,71638_20-22-29-95,50,0.2,1600.08,-120
P11032-3,71638_20-22-29-95,50,0.2,1600.1,-80.8815
P11032-3,71638_20-22-29-95,50,0.2,1600.12,-83.75099
P11032-3,71638_20-22-29-95,50,0.2,1600.14,-76.81937
P11032-3,71638_20-22-29-95,50,0.2,1600.16,-120
P11032-3,71638_20-22-29-95,50,0.2,1600.18,-120
P11032-3,71638_20-22-29-95,50,0.2,1600.2,-76.93146
P11032-3,71638_20-22-29-95,50,0.2,1600.22,-120
P11032-3,71638_20-22-29-95,50,0.2,1600.24,-83.31521
P11032-3,71638_20-22-29-95,50,0.2,1600.26,-120
P11032-3,71638_20-22-29-95,50,0.2,1600.28,-86.08007
P11032-3,71638_20-22-29-95,50,0.2,1600.3,-120
P11032-3,71638_20-22-29-95,50,0.2,1600.32,-85.687970000000007
P11032-3,71638_20-22-29-95,50,0.2,1600.34,-82.07889
P11032-3,71638_20-22-29-95,50,0.2,1600.36,-120
P11032-3,71638_20-22-29-95,50,0.2,1600.38,-82.89544
P11032-3,71638_20-22-29-95,50,0.2,1600.4,-76.52865
P11032-3,71638_20-22-29-95,50,0.2,1600.42,-77.22849
P11032-3,71638_20-22-29-95,50,0.2,1600.44,-79.01702
P11032-3,71638_20-22-29-95,50,0.2,1600.46,-120
P11032-3,71638_20-22-29-95,50,0.2,1600.48,-120
P11032-3,71638_20-22-29-95,50,0.2,1600.5,-120
P11032-3,71638_20-22-29-95,50,0.2,1600.52,-78.36242
P11032-3,71638_20-22-29-95,50,0.2,1600.54,-85.82362
P11032-3,71638_20-22-29-95,50,0.2,1600.56,-120
P11032-3,71638_20-22-29-95,50,0.2,1600.58,-120
P11032-3,71638_20-22-29-95,50,0.2,1600.6,-79.8464
P11032-3,71638_20-22-29-95,50,0.2,1600.62,-120
P11032-3,71638_20-22-29-95,50,0.2,1600.64,-120
P11032-3,71638_20-22-29-95,50,0.2,1600.66,-78.78769
P11032-3,71638_20-22-29-95,50,0.2,1600.68,-120
P11032-3,71638_20-22-29-95,50,0.2,1600.7,-81.99902
P11032-3,71638_20-22-29-95,50,0.2,1600.72,-120
P11032-3,71638_20-22-29-95,50,0.2,1600.74,-76.54626
P11032-3,71638_20-22-29-95,50,0.2,1600.76,-120
P11032-3,71638_20-22-29-95,50,0.2,1600.78,-120
P11032-3,71638_20-22-29-95,50,0.2,1600.8,-79.6138
P11032-3,71638_20-22-29-95,50,0.2,1600.82,-120
P11032-3,71638_20-22-29-95,50,0.2,1600.84,-80.01523
P11032-3,71638_20-22-29-95,50,0.2,1600.86,-79.31814
P11032-3,71638_20-22-29-95,50,0.2,1600.88,-76.01366
P11032-3,71638_20-22-29-95,50,0.2,1600.9,-120
P11032-3,71638_20-22-29-95,50,0.2,1600.92,-80.78834
P11032-3,71638_20-22-29-95,50,0.2,1600.94,-120
P11032-3,71638_20-22-29-95,50,0.2,1600.96,-79.68188
P11032-3,71638_20-22-29-95,50,0.2,1600.98,-120
P11032-3,71638_20-22-29-95,50,0.2,1601,-82.25337
P11032-3,71638_20-22-29-95,50,0.2,1601.02,-74.06825
P11032-3,71638_20-22-29-95,50,0.2,1601.04,-120
P11032-3,71638_20-22-29-95,50,0.2,1601.06,-89.62574
P11032-3,71638_20-22-29-95,50,0.2,1601.08,-120
P11032-3,71638_20-22-29-95,50,0.2,1601.1,-84.34388
P11032-3,71638_20-22-29-95,50,0.2,1601.12,-84.19988
P11032-3,71638_20-22-29-95,50,0.2,1601.14,-120
P11032-3,71638_20-22-29-95,50,0.2,1601.16,-120
P11032-3,71638_20-22-29-95,50,0.2,1601.18,-88.06875
P11032-3,71638_20-22-29-95,50,0.2,1601.2,-120
P11032-3,71638_20-22-29-95,50,0.2,1601.22,-120
P11032-3,71638_20-22-29-95,50,0.2,1601.24,-82.40181
P11032-3,71638_20-22-29-95,50,0.2,1601.26,-120
P11032-3,71638_20-22-29-95,50,0.2,1601.28,-85.68315
P11032-3,71638_20-22-29-95,50,0.2,1601.3,-120
P11032-3,71638_20-22-29-95,50,0.2,1601.32,-76.94864
P11032-3,71638_20-22-29-95,50,0.2,1601.34,-120
P11032-3,71638_20-22-29-95,50,0.2,1601.36,-120
P11032-3,71638_20-22-29-95,50,0.2,1601.38,-83.42944
P11032-3,71638_20-22-29-95,50,0.2,1601.4,-84.89723
P11032-3,71638_20-22-29-95,50,0.2,1601.42,-120
P11032-3,71638_20-22-29-95,50,0.2,1601.44,-120
P11032-3,71638_20-22-29-95,50,0.2,1601.46,-75.27682
P11032-3,71638_20-22-29-95,50,0.2,1601.48,-120
P11032-3,71638_20-22-29-95,50,0.2,1601.5,-87.51291
P11032-3,71638_20-22-29-95,50,0.2,1601.52,-120
P11032-3,71638_20-22-29-95,50,0.2,1601.54,-120
P11032-3,71638_20-22-29-95,50,0.2,1601.56,-120
P11032-3,71638_20-22-29-95,50,0.2,1601.58,-85.44242
P11032-3,71638_20-22-29-95,50,0.2,1601.6,-79.4424
P11032-3,71638_20-22-29-95,50,0.2,1601.62,-92.24681
P11032-3,71638_20-22-29-95,50,0.2,1601.64,-77.12198
P11032-3,71638_20-22-29-95,50,0.2,1601.66,-120
P11032-3,71638_20-22-29-95,50,0.2,1601.68,-120
P11032-3,71638_20-22-29-95,50,0.2,1601.7,-79.93962
P11032-3,71638_20-22-29-95,50,0.2,1601.72,-120
P11032-3,71638_20-22-29-95,50,0.2,1601.74,-78.671
P11032-3,71638_20-22-29-95,50,0.2,1601.76,-120
P11032-3,71638_20-22-29-95,50,0.2,1601.78,-120
P11032-3,71638_20-22-29-95,50,0.2,1601.8,-120
P11032-3,71638_20-22-29-95,50,0.2,1601.82,-120
P11032-3,71638_20-22-29-95,50,0.2,1601.84,-78.45272
P11032-3,71638_20-22-29-95,50,0.2,1601.86,-81.95861
P11032-3,71638_20-22-29-95,50,0.2,1601.88,-120
P11032-3,71638_20-22-29-95,50,0.2,1601.9,-84.48916
P11032-3,71638_20-22-29-95,50,0.2,1601.92,-79.71836
P11032-3,71638_20-22-29-95,50,0.2,1601.94,-120
P11032-3,71638_20-22-29-95,50,0.2,1601.96,-120
P11032-3,71638_20-22-29-95,50,0.2,1601.98,-79.694
P11032-3,71638_20-22-29-95,50,0.2,1602,-90.47789
P11032-3,71638_20-22-29-95,50,0.2,1602.02,-120
P11032-3,71638_20-22-29-95,50,0.2,1602.04,-79.10802
P11032-3,71638_20-22-29-95,50,0.2,1602.06,-120
P11032-3,71638_20-22-29-95,50,0.2,1602.08,-80.06564
P11032-3,71638_20-22-29-95,50,0.2,1602.1,-120
P11032-3,71638_20-22-29-95,50,0.2,1602.12,-94.73402
P11032-3,71638_20-22-29-95,50,0.2,1602.14,-120
P11032-3,71638_20-22-29-95,50,0.2,1602.16,-87.49824
P11032-3,71638_20-22-29-95,50,0.2,1602.18,-81.7276
P11032-3,71638_20-22-29-95,50,0.2,1602.2,-82.7597
P11032-3,71638_20-22-29-95,50,0.2,1602.22,-120
P11032-3,71638_20-22-29-95,50,0.2,1602.24,-120
P11032-3,71638_20-22-29-95,50,0.2,1602.26,-120
P11032-3,71638_20-22-29-95,50,0.2,1602.28,-77.03993
P11032-3,71638_20-22-29-95,50,0.2,1602.3,-120
P11032-3,71638_20-22-29-95,50,0.2,1602.32,-81.37928
P11032-3,71638_20-22-29-95,50,0.2,1602.34,-80.55172
P11032-3,71638_20-22-29-95,50,0.2,1602.36,-80.27751
P11032-3,71638_20-22-29-95,50,0.2,1602.38,-82.98691
P11032-3,71638_20-22-29-95,50,0.2,1602.4,-120
P11032-3,71638_20-22-29-95,50,0.2,1602.42,-80.57446
P11032-3,71638_20-22-29-95,50,0.2,1602.44,-120
P11032-3,71638_20-22-29-95,50,0.2,1602.46,-86.02234
P11032-3,71638_20-22-29-95,50,0.2,1602.48,-120
P11032-3,71638_20-22-29-95,50,0.2,1602.5,-79.93106
P11032-3,71638_20-22-29-95,50,0.2,1602.52,-76.83191
P11032-3,71638_20-22-29-95,50,0.2,1602.54,-79.20457
P11032-3,71638_20-22-29-95,50,0.2,1602.56,-86.40544
P11032-3,71638_20-22-29-95,50,0.2,1602.58,-120
P11032-3,71638_20-22-29-95,50,0.2,1602.6,-85.68475
P11032-3,71638_20-22-29-95,50,0.2,1602.62,-120
P11032-3,71638_20-22-29-95,50,0.2,1602.64,-80.26226
P11032-3,71638_20-22-29-95,50,0.2,1602.66,-91.39004
P11032-3,71638_20-22-29-95,50,0.2,1602.68,-80.80294
P11032-3,71638_20-22-29-95,50,0.2,1602.7,-120
P11032-3,71638_20-22-29-95,50,0.2,1602.72,-84.99489
P11032-3,71638_20-22-29-95,50,0.2,1602.74,-89.02396
P11032-3,71638_20-22-29-95,50,0.2,1602.76,-77.3969
P11032-3,71638_20-22-29-95,50,0.2,1602.78,-120
P11032-3,71638_20-22-29-95,50,0.2,1602.8,-89.52725
P11032-3,71638_20-22-29-95,50,0.2,1602.82,-120
P11032-3,71638_20-22-29-95,50,0.2,1602.84,-85.8203
P11032-3,71638_20-22-29-95,50,0.2,1602.86,-78.8941
P11032-3,71638_20-22-29-95,50,0.2,1602.88,-79.40815
P11032-3,71638_20-22-29-95,50,0.2,1602.9,-77.30721
P11032-3,71638_20-22-29-95,50,0.2,1602.92,-88.60751
P11032-3,71638_20-22-29-95,50,0.2,1602.94,-120
P11032-3,71638_20-22-29-95,50,0.2,1602.96,-79.14353
P11032-3,71638_20-22-29-95,50,0.2,1602.98,-120
P11032-3,71638_20-22-29-95,50,0.2,1603,-89.51947
P11032-3,71638_20-22-29-95,50,0.2,1603.02,-88.40734
P11032-3,71638_20-22-29-95,50,0.2,1603.04,-79.80884
P11032-3,71638_20-22-29-95,50,0.2,1603.06,-81.10979
P11032-3,71638_20-22-29-95,50,0.2,1603.08,-82.02317
P11032-3,71638_20-22-29-95,50,0.2,1603.1,-120
P11032-3,71638_20-22-29-95,50,0.2,1603.12,-77.28158
P11032-3,71638_20-22-29-95,50,0.2,1603.14,-76.69586
P11032-3,71638_20-22-29-95,50,0.2,1603.16,-80.29328
P11032-3,71638_20-22-29-95,50,0.2,1603.18,-120
P11032-3,71638_20-22-29-95,50,0.2,1603.2,-77.30254
P11032-3,71638_20-22-29-95,50,0.2,1603.22,-101.2274
P11032-3,71638_20-22-29-95,50,0.2,1603.24,-120
P11032-3,71638_20-22-29-95,50,0.2,1603.26,-76.92932
P11032-3,71638_20-22-29-95,50,0.2,1603.28,-120
P11032-3,71638_20-22-29-95,50,0.2,1603.3,-83.28827
P11032-3,71638_20-22-29-95,50,0.2,1603.32,-120
P11032-3,71638_20-22-29-95,50,0.2,1603.34,-77.74174
P11032-3,71638_20-22-29-95,50,0.2,1603.36,-120
P11032-3,71638_20-22-29-95,50,0.2,1603.38,-95.99117
P11032-3,71638_20-22-29-95,50,0.2,1603.4,-120
P11032-3,71638_20-22-29-95,50,0.2,1603.42,-85.44242
P11032-3,71638_20-22-29-95,50,0.2,1603.44,-88.671
P11032-3,71638_20-22-29-95,50,0.2,1603.46,-120
P11032-3,71638_20-22-29-95,50,0.2,1603.48,-75.16841
P11032-3,71638_20-22-29-95,50,0.2,1603.5,-120
P11032-3,71638_20-22-29-95,50,0.2,1603.52,-120
P11032-3,71638_20-22-29-95,50,0.2,1603.54,-79.694
P11032-3,71638_20-22-29-95,50,0.2,1603.56,-120
P11032-3,71638_20-22-29-95,50,0.2,1603.58,-120
P11032-3,71638_20-22-29-95,50,0.2,1603.6,-83.17674
P11032-3,71638_20-22-29-95,50,0.2,1603.62,-77.3969
P11032-3,71638_20-22-29-95,50,0.2,1603.64,-120
P11032-3,71638_20-22-29-95,50,0.2,1603.66,-88.06041
P11032-3,71638_20-22-29-95,50,0.2,1603.68,-120
P11032-3,71638_20-22-29-95,50,0.2,1603.7,-120
P11032-3,71638_20-22-29-95,50,0.2,1603.72,-120
P11032-3,71638_20-22-29-95,50,0.2,1603.74,-120
P11032-3,71638_20-22-29-95,50,0.2,1603.76,-82.12398
P11032-3,71638_20-22-29-95,50,0.2,1603.78,-88.16445
P11032-3,71638_20-22-29-95,50,0.2,1603.8,-78.86391
P11032-3,71638_20-22-29-95,50,0.2,1603.82,-87.05975
P11032-3,71638_20-22-29-95,50,0.2,1603.84,-81.56269
P11032-3,71638_20-22-29-95,50,0.2,1603.86,-88.38033
P11032-3,71638_20-22-29-95,50,0.2,1603.88,-120
P11032-3,71638_20-22-29-95,50,0.2,1603.9,-120
P11032-3,71638_20-22-29-95,50,0.2,1603.92,-120
P11032-3,71638_20-22-29-95,50,0.2,1603.94,-120
P11032-3,71638_20-22-29-95,50,0.2,1603.96,-82.77448
P11032-3,71638_20-22-29-95,50,0.2,1603.98,-93.18487
P11032-3,71638_20-22-29-95,50,0.2,1604,-120
P11032-3,71638_20-22-29-95,50,0.2,1604.02,-78.06875
P11032-3,71638_20-22-29-95,50,0.2,1604.04,-120
P11032-3,71638_20-22-29-95,50,0.2,1604.06,-80.98869
P11032-3,71638_20-22-29-95,50,0.2,1604.08,-86.94219
P11032-3,71638_20-22-29-95,50,0.2,1604.1,-120
P11032-3,71638_20-22-29-95,50,0.2,1604.12,-77.88612
P11032-3,71638_20-22-29-95,50,0.2,1604.14,-120
P11032-3,71638_20-22-29-95,50,0.2,1604.16,-76.79231
P11032-3,71638_20-22-29-95,50,0.2,1604.18,-120
P11032-3,71638_20-22-29-95,50,0.2,1604.2,-80.68542
P11032-3,71638_20-22-29-95,50,0.2,1604.22,-76.03975
P11032-3,71638_20-22-29-95,50,0.2,1604.24,-86.69586
P11032-3,71638_20-22-29-95,50,0.2,1604.26,-77.96695
P11032-3,71638_20-22-29-95,50,0.2,1604.28,-79.10448
P11032-3,71638_20-22-29-95,50,0.2,1604.3,-120
P11032-3,71638_20-22-29-95,50,0.2,1604.32,-120
P11032-3,71638_20-22-29-95,50,0.2,1604.34,-120
P11032-3,71638_20-22-29-95,50,0.2,1604.36,-79.48847
P11032-3,71638_20-22-29-95,50,0.2,1604.38,-120
P11032-3,71638_20-22-29-95,50,0.2,1604.4,-79.02049
P11032-3,71638_20-22-29-95,50,0.2,1604.42,-81.86953
P11032-3,71638_20-22-29-95,50,0.2,1604.44,-120
P11032-3,71638_20-22-29-95,50,0.2,1604.46,-120
P11032-3,71638_20-22-29-95,50,0.2,1604.48,-120
P11032-3,71638_20-22-29-95,50,0.2,1604.5,-78.84389
P11032-3,71638_20-22-29-95,50,0.2,1604.52,-120
P11032-3,71638_20-22-29-95,50,0.2,1604.54,-120
P11032-3,71638_20-22-29-95,50,0.2,1604.56,-77.00711
P11032-3,71638_20-22-29-95,50,0.2,1604.58,-120
P11032-3,71638_20-22-29-95,50,0.2,1604.6,-120
P11032-3,71638_20-22-29-95,50,0.2,1604.62,-80.00174
P11032-3,71638_20-22-29-95,50,0.2,1604.64,-83.72942
P11032-3,71638_20-22-29-95,50,0.2,1604.66,-120
P11032-3,71638_20-22-29-95,50,0.2,1604.68,-120
P11032-3,71638_20-22-29-95,50,0.2,1604.7,-120
P11032-3,71638_20-22-29-95,50,0.2,1604.72,-120
P11032-3,71638_20-22-29-95,50,0.2,1604.74,-84.68649
P11032-3,71638_20-22-29-95,50,0.2,1604.76,-120
P11032-3,71638_20-22-29-95,50,0.2,1604.78,-80.10194
P11032-3,71638_20-22-29-95,50,0.2,1604.8,-79.92252
P11032-3,71638_20-22-29-95,50,0.2,1604.82,-120
P11032-3,71638_20-22-29-95,50,0.2,1604.84,-81.34363
P11032-3,71638_20-22-29-95,50,0.2,1604.86,-120
P11032-3,71638_20-22-29-95,50,0.2,1604.88,-120
P11032-3,71638_20-22-29-95,50,0.2,1604.9,-120
P11032-3,71638_20-22-29-95,50,0.2,1604.92,-120
P11032-3,71638_20-22-29-95,50,0.2,1604.94,-80.67678
P11032-3,71638_20-22-29-95,50,0.2,1604.96,-120
P11032-3,71638_20-22-29-95,50,0.2,1604.98,-120
P11032-3,71638_20-22-29-95,50,0.2,1605,-88.17585
P11032-3,71638_20-22-29-95,50,0.2,1605.02,-120
P11032-3,71638_20-22-29-95,50,0.2,1605.04,-120
P11032-3,71638_20-22-29-95,50,0.2,1605.06,-82.07538
P11032-3,71638_20-22-29-95,50,0.2,1605.08,-120
P11032-3,71638_20-22-29-95,50,0.2,1605.1,-120
P11032-3,71638_20-22-29-95,50,0.2,1605.12,-77.27694
P11032-3,71638_20-22-29-95,50,0.2,1605.14,-120
P11032-3,71638_20-22-29-95,50,0.2,1605.16,-88.31797
P11032-3,71638_20-22-29-95,50,0.2,1605.18,-120
P11032-3,71638_20-22-29-95,50,0.2,1605.2,-75.19562
P11032-3,71638_20-22-29-95,50,0.2,1605.22,-81.26621
P11032-3,71638_20-22-29-95,50,0.2,1605.24,-85.88549
P11032-3,71638_20-22-29-95,50,0.2,1605.26,-120
P11032-3,71638_20-22-29-95,50,0.2,1605.28,-120
P11032-3,71638_20-22-29-95,50,0.2,1605.3,-79.77572
P11032-3,71638_20-22-29-95,50,0.2,1605.32,-76.54038
P11032-3,71638_20-22-29-95,50,0.2,1605.34,-85.02932
P11032-3,71638_20-22-29-95,50,0.2,1605.36,-96.91649
P11032-3,71638_20-22-29-95,50,0.2,1605.38,-77.39213
P11032-3,71638_20-22-29-95,50,0.2,1605.4,-120
P11032-3,71638_20-22-29-95,50,0.2,1605.42,-120
P11032-3,71638_20-22-29-95,50,0.2,1605.44,-89.18293
P11032-3,71638_20-22-29-95,50,0.2,1605.46,-120
P11032-3,71638_20-22-29-95,50,0.2,1605.48,-82.99729
P11032-3,71638_20-22-29-95,50,0.2,1605.5,-80.79616
P11032-3,71638_20-22-29-95,50,0.2,1605.52,-77.63463
P11032-3,71638_20-22-29-95,50,0.2,1605.54,-120
P11032-3,71638_20-22-29-95,50,0.2,1605.56,-120
P11032-3,71638_20-22-29-95,50,0.2,1605.58,-120
P11032-3,71638_20-22-29-95,50,0.2,1605.6,-120
P11032-3,71638_20-22-29-95,50,0.2,1605.62,-82.59795
P11032-3,71638_20-22-29-95,50,0.2,1605.64,-120
P11032-3,71638_20-22-29-95,50,0.2,1605.66,-120
P11032-3,71638_20-22-29-95,50,0.2,1605.68,-91.31767
P11032-3,71638_20-22-29-95,50,0.2,1605.7,-120
P11032-3,71638_20-22-29-95,50,0.2,1605.72,-120
P11032-3,71638_20-22-29-95,50,0.2,1605.74,-120
P11032-3,71638_20-22-29-95,50,0.2,1605.76,-120
P11032-3,71638_20-22-29-95,50,0.2,1605.78,-76.25068
P11032-3,71638_20-22-29-95,50,0.2,1605.8,-120
P11032-3,71638_20-22-29-95,50,0.2,1605.82,-120
P11032-3,71638_20-22-29-95,50,0.2,1605.84,-120
P11032-3,71638_20-22-29-95,50,0.2,1605.86,-80.03795
P11032-3,71638_20-22-29-95,50,0.2,1605.88,-120
P11032-3,71638_20-22-29-95,50,0.2,1605.9,-120
P11032-3,71638_20-22-29-95,50,0.2,1605.92,-77.18512
P11032-3,71638_20-22-29-95,50,0.2,1605.94,-120
P11032-3,71638_20-22-29-95,50,0.2,1605.96,-120
P11032-3,71638_20-22-29-95,50,0.2,1605.98,-120
P11032-3,71638_20-22-29-95,50,0.2,1606,-120
P11032-3,71638_20-22-29-95,50,0.2,1606.02,-89.65372
P11032-3,71638_20-22-29-95,50,0.2,1606.04,-120
P11032-3,71638_20-22-29-95,50,0.2,1606.06,-78.97909
P11032-3,71638_20-22-29-95,50,0.2,1606.08,-120
P11032-3,71638_20-22-29-95,50,0.2,1606.1,-90.3711
P11032-3,71638_20-22-29-95,50,0.2,1606.12,-76.25068
P11032-3,71638_20-22-29-95,50,0.2,1606.14,-83.95774
P11032-3,71638_20-22-29-95,50,0.2,1606.16,-79.0518
P11032-3,71638_20-22-29-95,50,0.2,1606.18,-120
P11032-3,71638_20-22-29-95,50,0.2,1606.2,-80.2365
P11032-3,71638_20-22-29-95,50,0.2,1606.22,-94.02854
P11032-3,71638_20-22-29-95,50,0.2,1606.24,-120
P11032-3,71638_20-22-29-95,50,0.2,1606.26,-83.46305
P11032-3,71638_20-22-29-95,50,0.2,1606.28,-120
P11032-3,71638_20-22-29-95,50,0.2,1606.3,-120
P11032-3,71638_20-22-29-95,50,0.2,1606.32,-80.13228
P11032-3,71638_20-22-29-95,50,0.2,1606.34,-84.16574
P11032-3,71638_20-22-29-95,50,0.2,1606.36,-120
P11032-3,71638_20-22-29-95,50,0.2,1606.38,-82.81997
P11032-3,71638_20-22-29-95,50,0.2,1606.4,-81.36261
P11032-3,71638_20-22-29-95,50,0.2,1606.42,-120
P11032-3,71638_20-22-29-95,50,0.2,1606.44,-120
P11032-3,71638_20-22-29-95,50,0.2,1606.46,-84.01428
P11032-3,71638_20-22-29-95,50,0.2,1606.48,-83.4515
P11032-3,71638_20-22-29-95,50,0.2,1606.5,-80.47692
P11032-3,71638_20-22-29-95,50,0.2,1606.52,-120
P11032-3,71638_20-22-29-95,50,0.2,1606.54,-120
P11032-3,71638_20-22-29-95,50,0.2,1606.56,-120
P11032-3,71638_20-22-29-95,50,0.2,1606.58,-120
P11032-3,71638_20-22-29-95,50,0.2,1606.6,-120
P11032-3,71638_20-22-29-95,50,0.2,1606.62,-120
P11032-3,71638_20-22-29-95,50,0.2,1606.64,-120
P11032-3,71638_20-22-29-95,50,0.2,1606.66,-120
P11032-3,71638_20-22-29-95,50,0.2,1606.68,-81.69796
P11032-3,71638_20-22-29-95,50,0.2,1606.7,-80.17819
P11032-3,71638_20-22-29-95,50,0.2,1606.72,-120
P11032-3,71638_20-22-29-95,50,0.2,1606.74,-120
P11032-3,71638_20-22-29-95,50,0.2,1606.76,-79.93534
P11032-3,71638_20-22-29-95,50,0.2,1606.78,-120
P11032-3,71638_20-22-29-95,50,0.2,1606.8,-86.06776
P11032-3,71638_20-22-29-95,50,0.2,1606.82,-79.71429
P11032-3,71638_20-22-29-95,50,0.2,1606.84,-86.13501
P11032-3,71638_20-22-29-95,50,0.2,1606.86,-82.57982
P11032-3,71638_20-22-29-95,50,0.2,1606.88,-120
P11032-3,71638_20-22-29-95,50,0.2,1606.9,-120
P11032-3,71638_20-22-29-95,50,0.2,1606.92,-89.60189
P11032-3,71638_20-22-29-95,50,0.2,1606.94,-83.00076
P11032-3,71638_20-22-29-95,50,0.2,1606.96,-81.66853
P11032-3,71638_20-22-29-95,50,0.2,1606.98,-88.04654
P11032-3,71638_20-22-29-95,50,0.2,1607,-87.21475
P11032-3,71638_20-22-29-95,50,0.2,1607.02,-86.82354
P11032-3,71638_20-22-29-95,50,0.2,1607.04,-120
P11032-3,71638_20-22-29-95,50,0.2,1607.06,-120
P11032-3,71638_20-22-29-95,50,0.2,1607.08,-81.82633
P11032-3,71638_20-22-29-95,50,0.2,1607.1,-83.33388
P11032-3,71638_20-22-29-95,50,0.2,1607.12,-120
P11032-3,71638_20-22-29-95,50,0.2,1607.14,-87.80677
P11032-3,71638_20-22-29-95,50,0.2,1607.16,-120
P11032-3,71638_20-22-29-95,50,0.2,1607.18,-84.46117
P11032-3,71638_20-22-29-95,50,0.2,1607.2,-120
P11032-3,71638_20-22-29-95,50,0.2,1607.22,-120
P11032-3,71638_20-22-29-95,50,0.2,1607.24,-75.09199
P11032-3,71638_20-22-29-95,50,0.2,1607.26,-94.63442
P11032-3,71638_20-22-29-95,50,0.2,1607.28,-120
P11032-3,71638_20-22-29-95,50,0.2,1607.3,-78.78769
P11032-3,71638_20-22-29-95,50,0.2,1607.32,-120
P11032-3,71638_20-22-29-95,50,0.2,1607.34,-79.5546
P11032-3,71638_20-22-29-95,50,0.2,1607.36,-76.48397
P11032-3,71638_20-22-29-95,50,0.2,1607.38,-81.32827
P11032-3,71638_20-22-29-95,50,0.2,1607.4,-78.47712
P11032-3,71638_20-22-29-95,50,0.2,1607.42,-120
P11032-3,71638_20-22-29-95,50,0.2,1607.44,-82.29295
P11032-3,71638_20-22-29-95,50,0.2,1607.46,-77.57956
P11032-3,71638_20-22-29-95,50,0.2,1607.48,-120
P11032-3,71638_20-22-29-95,50,0.2,1607.5,-120
P11032-3,71638_20-22-29-95,50,0.2,1607.52,-75.18128
P11032-3,71638_20-22-29-95,50,0.2,1607.54,-77.33298
P11032-3,71638_20-22-29-95,50,0.2,1607.56,-120
P11032-3,71638_20-22-29-95,50,0.2,1607.58,-78.21311
P11032-3,71638_20-22-29-95,50,0.2,1607.6,-120
P11032-3,71638_20-22-29-95,50,0.2,1607.62,-92.04955
P11032-3,71638_20-22-29-95,50,0.2,1607.64,-120
P11032-3,71638_20-22-29-95,50,0.2,1607.66,-81.85886
P11032-3,71638_20-22-29-95,50,0.2,1607.68,-120
P11032-3,71638_20-22-29-95,50,0.2,1607.7,-79.76336
P11032-3,71638_20-22-29-95,50,0.2,1607.72,-120
P11032-3,71638_20-22-29-95,50,0.2,1607.74,-120
P11032-3,71638_20-22-29-95,50,0.2,1607.76,-82.66803
P11032-3,71638_20-22-29-95,50,0.2,1607.78,-120
P11032-3,71638_20-22-29-95,50,0.2,1607.8,-120
P11032-3,71638_20-22-29-95,50,0.2,1607.82,-120
P11032-3,71638_20-22-29-95,50,0.2,1607.84,-120
P11032-3,71638_20-22-29-95,50,0.2,1607.86,-78.75822
P11032-3,71638_20-22-29-95,50,0.2,1607.88,-86.75306
P11032-3,71638_20-22-29-95,50,0.2,1607.9,-81.73407
P11032-3,71638_20-22-29-95,50,0.2,1607.92,-84.49649
P11032-3,71638_20-22-29-95,50,0.2,1607.94,-120
P11032-3,71638_20-22-29-95,50,0.2,1607.96,-89.82132
P11032-3,71638_20-22-29-95,50,0.2,1607.98,-120
P11032-3,71638_20-22-29-95,50,0.2,1608,-120
P11032-3,71638_20-22-29-95,50,0.2,1608.02,-87.2262
P11032-3,71638_20-22-29-95,50,0.2,1608.04,-88.66461
P11032-3,71638_20-22-29-95,50,0.2,1608.06,-120
P11032-3,71638_20-22-29-95,50,0.2,1608.08,-83.69267
P11032-3,71638_20-22-29-95,50,0.2,1608.1,-120
P11032-3,71638_20-22-29-95,50,0.2,1608.12,-85.79714
P11032-3,71638_20-22-29-95,50,0.2,1608.14,-82.42376
P11032-3,71638_20-22-29-95,50,0.2,1608.16,-77.99423
P11032-3,71638_20-22-29-95,50,0.2,1608.18,-120
P11032-3,71638_20-22-29-95,50,0.2,1608.2,-120
P11032-3,71638_20-22-29-95,50,0.2,1608.22,-85.59248
P11032-3,71638_20-22-29-95,50,0.2,1608.24,-120
P11032-3,71638_20-22-29-95,50,0.2,1608.26,-120
P11032-3,71638_20-22-29-95,50,0.2,1608.28,-120
P11032-3,71638_20-22-29-95,50,0.2,1608.3,-86.75718
P11032-3,71638_20-22-29-95,50,0.2,1608.32,-80.13049
P11032-3,71638_20-22-29-95,50,0.2,1608.34,-120
P11032-3,71638_20-22-29-95,50,0.2,1608.36,-86.12788
P11032-3,71638_20-22-29-95,50,0.2,1608.38,-85.40005
P11032-3,71638_20-22-29-95,50,0.2,1608.4,-91.7134
P11032-3,71638_20-22-29-95,50,0.2,1608.42,-75.25347
P11032-3,71638_20-22-29-95,50,0.2,1608.44,-91.96953
P11032-3,71638_20-22-29-95,50,0.2,1608.46,-120
P11032-3,71638_20-22-29-95,50,0.2,1608.48,-120
P11032-3,71638_20-22-29-95,50,0.2,1608.5,-120
P11032-3,71638_20-22-29-95,50,0.2,1608.52,-89.93106
P11032-3,71638_20-22-29-95,50,0.2,1608.54,-120
P11032-3,71638_20-22-29-95,50,0.2,1608.56,-76.24885
P11032-3,71638_20-22-29-95,50,0.2,1608.58,-120
P11032-3,71638_20-22-29-95,50,0.2,1608.6,-120
P11032-3,71638_20-22-29-95,50,0.2,1608.62,-120
P11032-3,71638_20-22-29-95,50,0.2,1608.64,-80.92857
P11032-3,71638_20-22-29-95,50,0.2,1608.66,-120
P11032-3,71638_20-22-29-95,50,0.2,1608.68,-80.90819
P11032-3,71638_20-22-29-95,50,0.2,1608.7,-120
P11032-3,71638_20-22-29-95,50,0.2,1608.72,-120
P11032-3,71638_20-22-29-95,50,0.2,1608.74,-120
P11032-3,71638_20-22-29-95,50,0.2,1608.76,-120
P11032-3,71638_20-22-29-95,50,0.2,1608.78,-79.72243
P11032-3,71638_20-22-29-95,50,0.2,1608.8,-120
P11032-3,71638_20-22-29-95,50,0.2,1608.82,-77.716
P11032-3,71638_20-22-29-95,50,0.2,1608.84,-77.3471
P11032-3,71638_20-22-29-95,50,0.2,1608.86,-89.0101
P11032-3,71638_20-22-29-95,50,0.2,1608.88,-84.71984
P11032-3,71638_20-22-29-95,50,0.2,1608.9,-79.16497
P11032-3,71638_20-22-29-95,50,0.2,1608.92,-120
P11032-3,71638_20-22-29-95,50,0.2,1608.94,-120
P11032-3,71638_20-22-29-95,50,0.2,1608.96,-78.16161
P11032-3,71638_20-22-29-95,50,0.2,1608.98,-120
P11032-3,71638_20-22-29-95,50,0.2,1609,-78.80414
P11032-3,71638_20-22-29-95,50,0.2,1609.02,-80.17006
P11032-3,71638_20-22-29-95,50,0.2,1609.04,-120
P11032-3,71638_20-22-29-95,50,0.2,1609.06,-78.34756
P11032-3,71638_20-22-29-95,50,0.2,1609.08,-82.22791
P11032-3,71638_20-22-29-95,50,0.2,1609.1,-79.31443
P11032-3,71638_20-22-29-95,50,0.2,1609.12,-120
P11032-3,71638_20-22-29-95,50,0.2,1609.14,-78.79426
P11032-3,71638_20-22-29-95,50,0.2,1609.16,-120
P11032-3,71638_20-22-29-95,50,0.2,1609.18,-120
P11032-3,71638_20-22-29-95,50,0.2,1609.2,-120
P11032-3,71638_20-22-29-95,50,0.2,1609.22,-120
P11032-3,71638_20-22-29-95,50,0.2,1609.24,-120
P11032-3,71638_20-22-29-95,50,0.2,1609.26,-89.28855
P11032-3,71638_20-22-29-95,50,0.2,1609.28,-120
P11032-3,71638_20-22-29-95,50,0.2,1609.3,-83.03818
P11032-3,71638_20-22-29-95,50,0.2,1609.32,-120
P11032-3,71638_20-22-29-95,50,0.2,1609.34,-76.20694
P11032-3,71638_20-22-29-95,50,0.2,1609.36,-81.13566
P11032-3,71638_20-22-29-95,50,0.2,1609.38,-80.8323
P11032-3,71638_20-22-29-95,50,0.2,1609.4,-81.25112
P11032-3,71638_20-22-29-95,50,0.2,1609.42,-120
P11032-3,71638_20-22-29-95,50,0.2,1609.44,-120
P11032-3,71638_20-22-29-95,50,0.2,1609.46,-86.82773
P11032-3,71638_20-22-29-95,50,0.2,1609.48,-86.32831
P11032-3,71638_20-22-29-95,50,0.2,1609.5,-90.58588
P11032-3,71638_20-22-29-95,50,0.2,1609.52,-120
P11032-3,71638_20-22-29-95,50,0.2,1609.54,-78.47712
P11032-3,71638_20-22-29-95,50,0.2,1609.56,-120
P11032-3,71638_20-22-29-95,50,0.2,1609.58,-120
P11032-3,71638_20-22-29-95,50,0.2,1609.6,-120
P11032-3,71638_20-22-29-95,50,0.2,1609.62,-82.54457
P11032-3,71638_20-22-29-95,50,0.2,1609.64,-82.90391
P11032-3,71638_20-22-29-95,50,0.2,1609.66,-120
P11032-3,71638_20-22-29-95,50,0.2,1609.68,-120
P11032-3,71638_20-22-29-95,50,0.2,1609.7,-93.92759
P11032-3,71638_20-22-29-95,50,0.2,1609.72,-120
P11032-3,71638_20-22-29-95,50,0.2,1609.74,-83.79448
P11032-3,71638_20-22-29-95,50,0.2,1609.76,-120
P11032-3,71638_20-22-29-95,50,0.2,1609.78,-86.59953
P11032-3,71638_20-22-29-95,50,0.2,1609.8,-120
P11032-3,71638_20-22-29-95,50,0.2,1609.82,-120
P11032-3,71638_20-22-29-95,50,0.2,1609.84,-120
P11032-3,71638_20-22-29-95,50,0.2,1609.86,-120
P11032-3,71638_20-22-29-95,50,0.2,1609.88,-120
P11032-3,71638_20-22-29-95,50,0.2,1609.9,-120
P11032-3,71638_20-22-29-95,50,0.2,1609.92,-120
P11032-3,71638_20-22-29-95,50,0.2,1609.94,-79.22632
P11032-3,71638_20-22-29-95,50,0.2,1609.96,-88.61066
P11032-3,71638_20-22-29-95,50,0.2,1609.98,-120
P11032-3,71638_20-22-29-95,50,0.2,1610,-120
P11032-3,71638_20-22-29-95,50,0.2,1610.02,-79.30702
P11032-3,71638_20-22-29-95,50,0.2,1610.04,-120
P11032-3,71638_20-22-29-95,50,0.2,1610.06,-120
P11032-3,71638_20-22-29-95,50,0.2,1610.08,-120
P11032-3,71638_20-22-29-95,50,0.2,1610.1,-120
P11032-3,71638_20-22-29-95,50,0.2,1610.12,-75.29737
P11032-3,71638_20-22-29-95,50,0.2,1610.14,-78.03824
P11032-3,71638_20-22-29-95,50,0.2,1610.16,-120
P11032-3,71638_20-22-29-95,50,0.2,1610.18,-120
P11032-3,71638_20-22-29-95,50,0.2,1610.2,-80.81655
P11032-3,71638_20-22-29-95,50,0.2,1610.22,-120
P11032-3,71638_20-22-29-95,50,0.2,1610.24,-120
P11032-3,71638_20-22-29-95,50,0.2,1610.26,-120
P11032-3,71638_20-22-29-95,50,0.2,1610.28,-120
P11032-3,71638_20-22-29-95,50,0.2,1610.3,-82.34928
P11032-3,71638_20-22-29-95,50,0.2,1610.32,-90.41293
P11032-3,71638_20-22-29-95,50,0.2,1610.34,-78.81074
P11032-3,71638_20-22-29-95,50,0.2,1610.36,-120
P11032-3,71638_20-22-29-95,50,0.2,1610.38,-120
P11032-3,71638_20-22-29-95,50,0.2,1610.4,-77.73658
P11032-3,71638_20-22-29-95,50,0.2,1610.42,-76.78816
P11032-3,71638_20-22-29-95,50,0.2,1610.44,-120
P11032-3,71638_20-22-29-95,50,0.2,1610.46,-76.89732
P11032-3,71638_20-22-29-95,50,0.2,1610.48,-120
P11032-3,71638_20-22-29-95,50,0.2,1610.5,-120
P11032-3,71638_20-22-29-95,50,0.2,1610.52,-80.33905
P11032-3,71638_20-22-29-95,50,0.2,1610.54,-120
P11032-3,71638_20-22-29-95,50,0.2,1610.56,-78.51706
P11032-3,71638_20-22-29-95,50,0.2,1610.58,-78.13609
P11032-3,71638_20-22-29-95,50,0.2,1610.6,-120
P11032-3,71638_20-22-29-95,50,0.2,1610.62,-120
P11032-3,71638_20-22-29-95,50,0.2,1610.64,-79.67784
P11032-3,71638_20-22-29-95,50,0.2,1610.66,-120
P11032-3,71638_20-22-29-95,50,0.2,1610.68,-76.68168
P11032-3,71638_20-22-29-95,50,0.2,1610.7,-120
P11032-3,71638_20-22-29-95,50,0.2,1610.72,-120
P11032-3,71638_20-22-29-95,50,0.2,1610.74,-120
P11032-3,71638_20-22-29-95,50,0.2,1610.76,-91.91857
P11032-3,71638_20-22-29-95,50,0.2,1610.78,-120
P11032-3,71638_20-22-29-95,50,0.2,1610.8,-120
P11032-3,71638_20-22-29-95,50,0.2,1610.82,-76.03104
P11032-3,71638_20-22-29-95,50,0.2,1610.84,-120
P11032-3,71638_20-22-29-95,50,0.2,1610.86,-120
P11032-3,71638_20-22-29-95,50,0.2,1610.88,-120
P11032-3,71638_20-22-29-95,50,0.2,1610.9,-76.38461
P11032-3,71638_20-22-29-95,50,0.2,1610.92,-120
P11032-3,71638_20-22-29-95,50,0.2,1610.94,-81.24129
P11032-3,71638_20-22-29-95,50,0.2,1610.96,-120
P11032-3,71638_20-22-29-95,50,0.2,1610.98,-120
P11032-3,71638_20-22-29-95,50,0.2,1611,-79.57424
P11032-3,71638_20-22-29-95,50,0.2,1611.02,-79.04831
P11032-3,71638_20-22-29-95,50,0.2,1611.04,-120
P11032-3,71638_20-22-29-95,50,0.2,1611.06,-80.94906
P11032-3,71638_20-22-29-95,50,0.2,1611.08,-120
P11032-3,71638_20-22-29-95,50,0.2,1611.1,-84.65213
P11032-3,71638_20-22-29-95,50,0.2,1611.12,-82.06908
P11032-3,71638_20-22-29-95,50,0.2,1611.14,-77.53501
P11032-3,71638_20-22-29-95,50,0.2,1611.16,-85.41967
P11032-3,71638_20-22-29-95,50,0.2,1611.18,-120
P11032-3,71638_20-22-29-95,50,0.2,1611.2,-77.62708
P11032-3,71638_20-22-29-95,50,0.2,1611.22,-120
P11032-3,71638_20-22-29-95,50,0.2,1611.24,-77.31656
P11032-3,71638_20-22-29-95,50,0.2,1611.26,-79.15066
P11032-3,71638_20-22-29-95,50,0.2,1611.28,-120
P11032-3,71638_20-22-29-95,50,0.2,1611.3,-75.39854
P11032-3,71638_20-22-29-95,50,0.2,1611.32,-80.63436
P11032-3,71638_20-22-29-95,50,0.2,1611.34,-82.37022
P11032-3,71638_20-22-29-95,50,0.2,1611.36,-120
P11032-3,71638_20-22-29-95,50,0.2,1611.38,-120
P11032-3,71638_20-22-29-95,50,0.2,1611.4,-120
P11032-3,71638_20-22-29-95,50,0.2,1611.42,-81.07738
P11032-3,71638_20-22-29-95,50,0.2,1611.44,-81.24187
P11032-3,71638_20-22-29-95,50,0.2,1611.46,-120
P11032-3,71638_20-22-29-95,50,0.2,1611.48,-120
P11032-3,71638_20-22-29-95,50,0.2,1611.5,-84.08935
P11032-3,71638_20-22-29-95,50,0.2,1611.52,-79.70211
P11032-3,71638_20-22-29-95,50,0.2,1611.54,-82.8208
P11032-3,71638_20-22-29-95,50,0.2,1611.56,-120
P11032-3,71638_20-22-29-95,50,0.2,1611.58,-77.97512
P11032-3,71638_20-22-29-95,50,0.2,1611.6,-82.05512
P11032-3,71638_20-22-29-95,50,0.2,1611.62,-86.12432
P11032-3,71638_20-22-29-95,50,0.2,1611.64,-120
P11032-3,71638_20-22-29-95,50,0.2,1611.66,-120
P11032-3,71638_20-22-29-95,50,0.2,1611.68,-120
P11032-3,71638_20-22-29-95,50,0.2,1611.7,-120
P11032-3,71638_20-22-29-95,50,0.2,1611.72,-78.62963
P11032-3,71638_20-22-29-95,50,0.2,1611.74,-77.96967
P11032-3,71638_20-22-29-95,50,0.2,1611.76,-84.41291
P11032-3,71638_20-22-29-95,50,0.2,1611.78,-120
P11032-3,71638_20-22-29-95,50,0.2,1611.8,-81.7134
P11032-3,71638_20-22-29-95,50,0.2,1611.82,-84.56429
P11032-3,71638_20-22-29-95,50,0.2,1611.84,-120
P11032-3,71638_20-22-29-95,50,0.2,1611.86,-77.63211
P11032-3,71638_20-22-29-95,50,0.2,1611.88,-88.59492
P11032-3,71638_20-22-29-95,50,0.2,1611.9,-120
P11032-3,71638_20-22-29-95,50,0.2,1611.92,-84.07823
P11032-3,71638_20-22-29-95,50,0.2,1611.94,-83.083
P11032-3,71638_20-22-29-95,50,0.2,1611.96,-120
P11032-3,71638_20-22-29-95,50,0.2,1611.98,-120
P11032-3,71638_20-22-29-95,50,0.2,1612,-120
P11032-3,71638_20-22-29-95,50,0.2,1612.02,-120
P11032-3,71638_20-22-29-95,50,0.2,1612.04,-120
P11032-3,71638_20-22-29-95,50,0.2,1612.06,-80.53302
P11032-3,71638_20-22-29-95,50,0.2,1612.08,-120
P11032-3,71638_20-22-29-95,50,0.2,1612.1,-120
P11032-3,71638_20-22-29-95,50,0.2,1612.12,-120
P11032-3,71638_20-22-29-95,50,0.2,1612.14,-80.21226
P11032-3,71638_20-22-29-95,50,0.2,1612.16,-120
P11032-3,71638_20-22-29-95,50,0.2,1612.18,-120
P11032-3,71638_20-22-29-95,50,0.2,1612.2,-81.89902
P11032-3,71638_20-22-29-95,50,0.2,1612.22,-120
P11032-3,71638_20-22-29-95,50,0.2,1612.24,-75.41211
P11032-3,71638_20-22-29-95,50,0.2,1612.26,-120
P11032-3,71638_20-22-29-95,50,0.2,1612.28,-120
P11032-3,71638_20-22-29-95,50,0.2,1612.3,-120
P11032-3,71638_20-22-29-95,50,0.2,1612.32,-120
P11032-3,71638_20-22-29-95,50,0.2,1612.34,-120
P11032-3,71638_20-22-29-95,50,0.2,1612.36,-120
P11032-3,71638_20-22-29-95,50,0.2,1612.38,-120
P11032-3,71638_20-22-29-95,50,0.2,1612.4,-120
P11032-3,71638_20-22-29-95,50,0.2,1612.42,-120
P11032-3,71638_20-22-29-95,50,0.2,1612.44,-120
P11032-3,71638_20-22-29-95,50,0.2,1612.46,-120
P11032-3,71638_20-22-29-95,50,0.2,1612.48,-120
P11032-3,71638_20-22-29-95,50,0.2,1612.5,-120
P11032-3,71638_20-22-29-95,50,0.2,1612.52,-120
P11032-3,71638_20-22-29-95,50,0.2,1612.54,-82.46187
P11032-3,71638_20-22-29-95,50,0.2,1612.56,-120
P11032-3,71638_20-22-29-95,50,0.2,1612.58,-78.0799
P11032-3,71638_20-22-29-95,50,0.2,1612.6,-120
P11032-3,71638_20-22-29-95,50,0.2,1612.62,-82.5096
P11032-3,71638_20-22-29-95,50,0.2,1612.64,-120
P11032-3,71638_20-22-29-95,50,0.2,1612.66,-78.66781
P11032-3,71638_20-22-29-95,50,0.2,1612.68,-81.20617
P11032-3,71638_20-22-29-95,50,0.2,1612.7,-84.98667
P11032-3,71638_20-22-29-95,50,0.2,1612.72,-93.45438
P11032-3,71638_20-22-29-95,50,0.2,1612.74,-120
P11032-3,71638_20-22-29-95,50,0.2,1612.76,-120
P11032-3,71638_20-22-29-95,50,0.2,1612.78,-79.65773
P11032-3,71638_20-22-29-95,50,0.2,1612.8,-120
P11032-3,71638_20-22-29-95,50,0.2,1612.82,-120
P11032-3,71638_20-22-29-95,50,0.2,1612.84,-120
P11032-3,71638_20-22-29-95,50,0.2,1612.86,-120
P11032-3,71638_20-22-29-95,50,0.2,1612.88,-120
P11032-3,71638_20-22-29-95,50,0.2,1612.9,-120
P11032-3,71638_20-22-29-95,50,0.2,1612.92,-77.97512
P11032-3,71638_20-22-29-95,50,0.2,1612.94,-85.26951
P11032-3,71638_20-22-29-95,50,0.2,1612.96,-81.89431
P11032-3,71638_20-22-29-95,50,0.2,1612.98,-120
P11032-3,71638_20-22-29-95,50,0.2,1613,-82.57668
P11032-3,71638_20-22-29-95,50,0.2,1613.02,-89.77984
P11032-3,71638_20-22-29-95,50,0.2,1613.04,-120
P11032-3,71638_20-22-29-95,50,0.2,1613.06,-120
P11032-3,71638_20-22-29-95,50,0.2,1613.08,-120
P11032-3,71638_20-22-29-95,50,0.2,1613.1,-77.6904
P11032-3,71638_20-22-29-95,50,0.2,1613.12,-120
P11032-3,71638_20-22-29-95,50,0.2,1613.14,-120
P11032-3,71638_20-22-29-95,50,0.2,1613.16,-84.13638
P11032-3,71638_20-22-29-95,50,0.2,1613.18,-120
P11032-3,71638_20-22-29-95,50,0.2,1613.2,-120
P11032-3,71638_20-22-29-95,50,0.2,1613.22,-91.31179
P11032-3,71638_20-22-29-95,50,0.2,1613.24,-120
P11032-3,71638_20-22-29-95,50,0.2,1613.26,-120
P11032-3,71638_20-22-29-95,50,0.2,1613.28,-120
P11032-3,71638_20-22-29-95,50,0.2,1613.3,-120
P11032-3,71638_20-22-29-95,50,0.2,1613.32,-120
P11032-3,71638_20-22-29-95,50,0.2,1613.34,-80.85498
P11032-3,71638_20-22-29-95,50,0.2,1613.36,-120
P11032-3,71638_20-22-29-95,50,0.2,1613.38,-120
P11032-3,71638_20-22-29-95,50,0.2,1613.4,-120
P11032-3,71638_20-22-29-95,50,0.2,1613.42,-90.39101
P11032-3,71638_20-22-29-95,50,0.2,1613.44,-120
P11032-3,71638_20-22-29-95,50,0.2,1613.46,-78.471
P11032-3,71638_20-22-29-95,50,0.2,1613.48,-80.69255
P11032-3,71638_20-22-29-95,50,0.2,1613.5,-120
P11032-3,71638_20-22-29-95,50,0.2,1613.52,-120
P11032-3,71638_20-22-29-95,50,0.2,1613.54,-84.81354
P11032-3,71638_20-22-29-95,50,0.2,1613.56,-87.9915
P11032-3,71638_20-22-29-95,50,0.2,1613.58,-81.60899
P11032-3,71638_20-22-29-95,50,0.2,1613.6,-120
P11032-3,71638_20-22-29-95,50,0.2,1613.62,-120
P11032-3,71638_20-22-29-95,50,0.2,1613.64,-76.09065
P11032-3,71638_20-22-29-95,50,0.2,1613.66,-120
P11032-3,71638_20-22-29-95,50,0.2,1613.68,-79.37042
P11032-3,71638_20-22-29-95,50,0.2,1613.7,-82.21559
P11032-3,71638_20-22-29-95,50,0.2,1613.72,-75.96708
P11032-3,71638_20-22-29-95,50,0.2,1613.74,-89.39302
P11032-3,71638_20-22-29-95,50,0.2,1613.76,-79.75514
P11032-3,71638_20-22-29-95,50,0.2,1613.78,-120
P11032-3,71638_20-22-29-95,50,0.2,1613.8,-79.59398
P11032-3,71638_20-22-29-95,50,0.2,1613.82,-120
P11032-3,71638_20-22-29-95,50,0.2,1613.84,-120
P11032-3,71638_20-22-29-95,50,0.2,1613.86,-86.33951
P11032-3,71638_20-22-29-95,50,0.2,1613.88,-120
P11032-3,71638_20-22-29-95,50,0.2,1613.9,-87.63463
P11032-3,71638_20-22-29-95,50,0.2,1613.92,-120
P11032-3,71638_20-22-29-95,50,0.2,1613.94,-120
P11032-3,71638_20-22-29-95,50,0.2,1613.96,-120
P11032-3,71638_20-22-29-95,50,0.2,1613.98,-120
P11032-3,71638_20-22-29-95,50,0.2,1614,-78.06319
P11032-3,71638_20-22-29-95,50,0.2,1614.02,-84.34861
P11032-3,71638_20-22-29-95,50,0.2,1614.04,-120
P11032-3,71638_20-22-29-95,50,0.2,1614.06,-79.88007
P11032-3,71638_20-22-29-95,50,0.2,1614.08,-120
P11032-3,71638_20-22-29-95,50,0.2,1614.1,-76.17083
P11032-3,71638_20-22-29-95,50,0.2,1614.12,-99.04134
P11032-3,71638_20-22-29-95,50,0.2,1614.14,-120
P11032-3,71638_20-22-29-95,50,0.2,1614.16,-79.04134
P11032-3,71638_20-22-29-95,50,0.2,1614.18,-78.38333
P11032-3,71638_20-22-29-95,50,0.2,1614.2,-120
P11032-3,71638_20-22-29-95,50,0.2,1614.22,-120
P11032-3,71638_20-22-29-95,50,0.2,1614.24,-81.57328
P11032-3,71638_20-22-29-95,50,0.2,1614.26,-120
P11032-3,71638_20-22-29-95,50,0.2,1614.28,-85.53774
P11032-3,71638_20-22-29-95,50,0.2,1614.3,-79.60983
P11032-3,71638_20-22-29-95,50,0.2,1614.32,-120
P11032-3,71638_20-22-29-95,50,0.2,1614.34,-78.97909
P11032-3,71638_20-22-29-95,50,0.2,1614.36,-85.86533
P11032-3,71638_20-22-29-95,50,0.2,1614.38,-76.5738
P11032-3,71638_20-22-29-95,50,0.2,1614.4,-80.23146
P11032-3,71638_20-22-29-95,50,0.2,1614.42,-87.14218
P11032-3,71638_20-22-29-95,50,0.2,1614.44,-120
P11032-3,71638_20-22-29-95,50,0.2,1614.46,-75.92779
P11032-3,71638_20-22-29-95,50,0.2,1614.48,-120
P11032-3,71638_20-22-29-95,50,0.2,1614.5,-85.48367
P11032-3,71638_20-22-29-95,50,0.2,1614.52,-79.21543
P11032-3,71638_20-22-29-95,50,0.2,1614.54,-91.19072
P11032-3,71638_20-22-29-95,50,0.2,1614.56,-120
P11032-3,71638_20-22-29-95,50,0.2,1614.58,-120
P11032-3,71638_20-22-29-95,50,0.2,1614.6,-120
P11032-3,71638_20-22-29-95,50,0.2,1614.62,-120
P11032-3,71638_20-22-29-95,50,0.2,1614.64,-79.28855
P11032-3,71638_20-22-29-95,50,0.2,1614.66,-120
P11032-3,71638_20-22-29-95,50,0.2,1614.68,-120
P11032-3,71638_20-22-29-95,50,0.2,1614.7,-76.79023
P11032-3,71638_20-22-29-95,50,0.2,1614.72,-120
P11032-3,71638_20-22-29-95,50,0.2,1614.74,-81.39063
P11032-3,71638_20-22-29-95,50,0.2,1614.76,-120
P11032-3,71638_20-22-29-95,50,0.2,1614.78,-120
P11032-3,71638_20-22-29-95,50,0.2,1614.8,-120
P11032-3,71638_20-22-29-95,50,0.2,1614.82,-81.30944
P11032-3,71638_20-22-29-95,50,0.2,1614.84,-80.79929
P11032-3,71638_20-22-29-95,50,0.2,1614.86,-120
P11032-3,71638_20-22-29-95,50,0.2,1614.88,-83.11847
P11032-3,71638_20-22-29-95,50,0.2,1614.9,-120
P11032-3,71638_20-22-29-95,50,0.2,1614.92,-120
P11032-3,71638_20-22-29-95,50,0.2,1614.94,-120
P11032-3,71638_20-22-29-95,50,0.2,1614.96,-84.09604
P11032-3,71638_20-22-29-95,50,0.2,1614.98,-83.15155
P11032-3,71638_20-22-29-95,50,0.2,1615,-87.53009
P11032-3,71638_20-22-29-95,50,0.2,1615.02,-120
P11032-3,71638_20-22-29-95,50,0.2,1615.04,-81.71147
P11032-3,71638_20-22-29-95,50,0.2,1615.06,-77.34239
P11032-3,71638_20-22-29-95,50,0.2,1615.08,-120
P11032-3,71638_20-22-29-95,50,0.2,1615.1,-82.77778
P11032-3,71638_20-22-29-95,50,0.2,1615.12,-120
P11032-3,71638_20-22-29-95,50,0.2,1615.14,-120
P11032-3,71638_20-22-29-95,50,0.2,1615.16,-79.16856
P11032-3,71638_20-22-29-95,50,0.2,1615.18,-81.45148
P11032-3,71638_20-22-29-95,50,0.2,1615.2,-120
P11032-3,71638_20-22-29-95,50,0.2,1615.22,-120
P11032-3,71638_20-22-29-95,50,0.2,1615.24,-80.6414
P11032-3,71638_20-22-29-95,50,0.2,1615.26,-120
P11032-3,71638_20-22-29-95,50,0.2,1615.28,-87.91827
P11032-3,71638_20-22-29-95,50,0.2,1615.3,-77.52518
P11032-3,71638_20-22-29-95,50,0.2,1615.32,-80.51783
P11032-3,71638_20-22-29-95,50,0.2,1615.34,-120
P11032-3,71638_20-22-29-95,50,0.2,1615.36,-78.51089
P11032-3,71638_20-22-29-95,50,0.2,1615.38,-120
P11032-3,71638_20-22-29-95,50,0.2,1615.4,-83.77061
P11032-3,71638_20-22-29-95,50,0.2,1615.42,-120
P11032-3,71638_20-22-29-95,50,0.2,1615.44,-120
P11032-3,71638_20-22-29-95,50,0.2,1615.46,-120
P11032-3,71638_20-22-29-95,50,0.2,1615.48,-76.94004
P11032-3,71638_20-22-29-95,50,0.2,1615.5,-120
P11032-3,71638_20-22-29-95,50,0.2,1615.52,-120
P11032-3,71638_20-22-29-95,50,0.2,1615.54,-85.92099
P11032-3,71638_20-22-29-95,50,0.2,1615.56,-79.66979
P11032-3,71638_20-22-29-95,50,0.2,1615.58,-96.27272
P11032-3,71638_20-22-29-95,50,0.2,1615.6,-120
P11032-3,71638_20-22-29-95,50,0.2,1615.62,-82.45422
P11032-3,71638_20-22-29-95,50,0.2,1615.64,-85.62091
P11032-3,71638_20-22-29-95,50,0.2,1615.66,-84.65466
P11032-3,71638_20-22-29-95,50,0.2,1615.68,-120
P11032-3,71638_20-22-29-95,50,0.2,1615.7,-79.0763
P11032-3,71638_20-22-29-95,50,0.2,1615.72,-82.43516
P11032-3,71638_20-22-29-95,50,0.2,1615.74,-120
P11032-3,71638_20-22-29-95,50,0.2,1615.76,-120
P11032-3,71638_20-22-29-95,50,0.2,1615.78,-120
P11032-3,71638_20-22-29-95,50,0.2,1615.8,-120
P11032-3,71638_20-22-29-95,50,0.2,1615.82,-86.18704
P11032-3,71638_20-22-29-95,50,0.2,1615.84,-120
P11032-3,71638_20-22-29-95,50,0.2,1615.86,-85.12296
P11032-3,71638_20-22-29-95,50,0.2,1615.88,-120
P11032-3,71638_20-22-29-95,50,0.2,1615.9,-78.78769
P11032-3,71638_20-22-29-95,50,0.2,1615.92,-120
P11032-3,71638_20-22-29-95,50,0.2,1615.94,-82.75233
P11032-3,71638_20-22-29-95,50,0.2,1615.96,-120
P11032-3,71638_20-22-29-95,50,0.2,1615.98,-120
P11032-3,71638_20-22-29-95,50,0.2,1616,-80.10728
P11032-3,71638_20-22-29-95,50,0.2,1616.02,-81.60836
P11032-3,71638_20-22-29-95,50,0.2,1616.04,-80.33342
P11032-3,71638_20-22-29-95,50,0.2,1616.06,-86.14572
P11032-3,71638_20-22-29-95,50,0.2,1616.08,-120
P11032-3,71638_20-22-29-95,50,0.2,1616.1,-80.77794
P11032-3,71638_20-22-29-95,50,0.2,1616.12,-120
P11032-3,71638_20-22-29-95,50,0.2,1616.14,-78.46185
P11032-3,71638_20-22-29-95,50,0.2,1616.16,-83.17133
P11032-3,71638_20-22-29-95,50,0.2,1616.18,-77.36127
P11032-3,71638_20-22-29-95,50,0.2,1616.2,-120
P11032-3,71638_20-22-29-95,50,0.2,1616.22,-120
P11032-3,71638_20-22-29-95,50,0.2,1616.24,-85.85027
P11032-3,71638_20-22-29-95,50,0.2,1616.26,-88.21023
P11032-3,71638_20-22-29-95,50,0.2,1616.28,-120
P11032-3,71638_20-22-29-95,50,0.2,1616.3,-84.95529
P11032-3,71638_20-22-29-95,50,0.2,1616.32,-120
P11032-3,71638_20-22-29-95,50,0.2,1616.34,-77.92366
P11032-3,71638_20-22-29-95,50,0.2,1616.36,-120
P11032-3,71638_20-22-29-95,50,0.2,1616.38,-75.84526
P11032-3,71638_20-22-29-95,50,0.2,1616.4,-120
P11032-3,71638_20-22-29-95,50,0.2,1616.42,-79.05878
P11032-3,71638_20-22-29-95,50,0.2,1616.44,-83.15693
P11032-3,71638_20-22-29-95,50,0.2,1616.46,-120
P11032-3,71638_20-22-29-95,50,0.2,1616.48,-120
P11032-3,71638_20-22-29-95,50,0.2,1616.5,-120
P11032-3,71638_20-22-29-95,50,0.2,1616.52,-120
P11032-3,71638_20-22-29-95,50,0.2,1616.54,-120
P11032-3,71638_20-22-29-95,50,0.2,1616.56,-85.20569
P11032-3,71638_20-22-29-95,50,0.2,1616.58,-79.71836
P11032-3,71638_20-22-29-95,50,0.2,1616.6,-85.69602
P11032-3,71638_20-22-29-95,50,0.2,1616.62,-120
P11032-3,71638_20-22-29-95,50,0.2,1616.64,-120
P11032-3,71638_20-22-29-95,50,0.2,1616.66,-120
P11032-3,71638_20-22-29-95,50,0.2,1616.68,-82.72459
P11032-3,71638_20-22-29-95,50,0.2,1616.7,-120
P11032-3,71638_20-22-29-95,50,0.2,1616.72,-81.79076
P11032-3,71638_20-22-29-95,50,0.2,1616.74,-120
P11032-3,71638_20-22-29-95,50,0.2,1616.76,-80.11709
P11032-3,71638_20-22-29-95,50,0.2,1616.78,-76.64943
P11032-3,71638_20-22-29-95,50,0.2,1616.8,-79.66576
P11032-3,71638_20-22-29-95,50,0.2,1616.82,-75.90913
P11032-3,71638_20-22-29-95,50,0.2,1616.84,-120
P11032-3,71638_20-22-29-95,50,0.2,1616.86,-120
P11032-3,71638_20-22-29-95,50,0.2,1616.88,-80.17819
P11032-3,71638_20-22-29-95,50,0.2,1616.9,-120
P11032-3,71638_20-22-29-95,50,0.2,1616.92,-91.60082
P11032-3,71638_20-22-29-95,50,0.2,1616.94,-85.19131
P11032-3,71638_20-22-29-95,50,0.2,1616.96,-120
P11032-3,71638_20-22-29-95,50,0.2,1616.98,-78.78112
P11032-3,71638_20-22-29-95,50,0.2,1617,-78.04931
P11032-3,71638_20-22-29-95,50,0.2,1617.02,-120
P11032-3,71638_20-22-29-95,50,0.2,1617.04,-88.83724
P11032-3,71638_20-22-29-95,50,0.2,1617.06,-120
P11032-3,71638_20-22-29-95,50,0.2,1617.08,-120
P11032-3,71638_20-22-29-95,50,0.2,1617.1,-120
P11032-3,71638_20-22-29-95,50,0.2,1617.12,-94.61552
P11032-3,71638_20-22-29-95,50,0.2,1617.14,-120
P11032-3,71638_20-22-29-95,50,0.2,1617.16,-86.6837
P11032-3,71638_20-22-29-95,50,0.2,1617.18,-78.53562
P11032-3,71638_20-22-29-95,50,0.2,1617.2,-120
P11032-3,71638_20-22-29-95,50,0.2,1617.22,-79.914
P11032-3,71638_20-22-29-95,50,0.2,1617.24,-120
P11032-3,71638_20-22-29-95,50,0.2,1617.26,-85.56581
P11032-3,71638_20-22-29-95,50,0.2,1617.28,-120
P11032-3,71638_20-22-29-95,50,0.2,1617.3,-120
P11032-3,71638_20-22-29-95,50,0.2,1617.32,-88.15309
P11032-3,71638_20-22-29-95,50,0.2,1617.34,-120
P11032-3,71638_20-22-29-95,50,0.2,1617.36,-120
P11032-3,71638_20-22-29-95,50,0.2,1617.38,-80.16915
P11032-3,71638_20-22-29-95,50,0.2,1617.4,-83.12471
P11032-3,71638_20-22-29-95,50,0.2,1617.42,-120
P11032-3,71638_20-22-29-95,50,0.2,1617.44,-82.10984
P11032-3,71638_20-22-29-95,50,0.2,1617.46,-75.58462
P11032-3,71638_20-22-29-95,50,0.2,1617.48,-93.77579
P11032-3,71638_20-22-29-95,50,0.2,1617.5,-80.43928
P11032-3,71638_20-22-29-95,50,0.2,1617.52,-120
P11032-3,71638_20-22-29-95,50,0.2,1617.54,-81.42607
P11032-3,71638_20-22-29-95,50,0.2,1617.56,-120
P11032-3,71638_20-22-29-95,50,0.2,1617.58,-82.46264
P11032-3,71638_20-22-29-95,50,0.2,1617.6,-120
P11032-3,71638_20-22-29-95,50,0.2,1617.62,-80.40386
P11032-3,71638_20-22-29-95,50,0.2,1617.64,-120
P11032-3,71638_20-22-29-95,50,0.2,1617.66,-120
P11032-3,71638_20-22-29-95,50,0.2,1617.68,-81.5391
P11032-3,71638_20-22-29-95,50,0.2,1617.7,-82.7189
P11032-3,71638_20-22-29-95,50,0.2,1617.72,-120
P11032-3,71638_20-22-29-95,50,0.2,1617.74,-120
P11032-3,71638_20-22-29-95,50,0.2,1617.76,-120
P11032-3,71638_20-22-29-95,50,0.2,1617.78,-78.6742
P11032-3,71638_20-22-29-95,50,0.2,1617.8,-79.85479
P11032-3,71638_20-22-29-95,50,0.2,1617.82,-120
P11032-3,71638_20-22-29-95,50,0.2,1617.84,-120
P11032-3,71638_20-22-29-95,50,0.2,1617.86,-80.95826
P11032-3,71638_20-22-29-95,50,0.2,1617.88,-120
P11032-3,71638_20-22-29-95,50,0.2,1617.9,-120
P11032-3,71638_20-22-29-95,50,0.2,1617.92,-120
P11032-3,71638_20-22-29-95,50,0.2,1617.94,-86.21784
P11032-3,71638_20-22-29-95,50,0.2,1617.96,-85.09901
P11032-3,71638_20-22-29-95,50,0.2,1617.98,-79.83384
P11032-3,71638_20-22-29-95,50,0.2,1618,-120
P11032-3,71638_20-22-29-95,50,0.2,1618.02,-92.02248
P11032-3,71638_20-22-29-95,50,0.2,1618.04,-120
P11032-3,71638_20-22-29-95,50,0.2,1618.06,-79.8464
P11032-3,71638_20-22-29-95,50,0.2,1618.08,-80.21637
P11032-3,71638_20-22-29-95,50,0.2,1618.1,-120
P11032-3,71638_20-22-29-95,50,0.2,1618.12,-78.11072
P11032-3,71638_20-22-29-95,50,0.2,1618.14,-120
P11032-3,71638_20-22-29-95,50,0.2,1618.16,-120
P11032-3,71638_20-22-29-95,50,0.2,1618.18,-120
P11032-3,71638_20-22-29-95,50,0.2,1618.2,-120
P11032-3,71638_20-22-29-95,50,0.2,1618.22,-77.42561
P11032-3,71638_20-22-29-95,50,0.2,1618.24,-82.69298
P11032-3,71638_20-22-29-95,50,0.2,1618.26,-120
P11032-3,71638_20-22-29-95,50,0.2,1618.28,-78.11353
P11032-3,71638_20-22-29-95,50,0.2,1618.3,-120
P11032-3,71638_20-22-29-95,50,0.2,1618.32,-120
P11032-3,71638_20-22-29-95,50,0.2,1618.34,-120
P11032-3,71638_20-22-29-95,50,0.2,1618.36,-81.59706
P11032-3,71638_20-22-29-95,50,0.2,1618.38,-79.57424
P11032-3,71638_20-22-29-95,50,0.2,1618.4,-120
P11032-3,71638_20-22-29-95,50,0.2,1618.42,-120
P11032-3,71638_20-22-29-95,50,0.2,1618.44,-120
P11032-3,71638_20-22-29-95,50,0.2,1618.46,-120
P11032-3,71638_20-22-29-95,50,0.2,1618.48,-76.56986
P11032-3,71638_20-22-29-95,50,0.2,1618.5,-85.75445
P11032-3,71638_20-22-29-95,50,0.2,1618.52,-120
P11032-3,71638_20-22-29-95,50,0.2,1618.54,-120
P11032-3,71638_20-22-29-95,50,0.2,1618.56,-76.53451
P11032-3,71638_20-22-29-95,50,0.2,1618.58,-83.51152
P11032-3,71638_20-22-29-95,50,0.2,1618.6,-120
P11032-3,71638_20-22-29-95,50,0.2,1618.62,-120
P11032-3,71638_20-22-29-95,50,0.2,1618.64,-120
P11032-3,71638_20-22-29-95,50,0.2,1618.66,-81.44118
P11032-3,71638_20-22-29-95,50,0.2,1618.68,-92.7638
P11032-3,71638_20-22-29-95,50,0.2,1618.7,-79.80468
P11032-3,71638_20-22-29-95,50,0.2,1618.72,-83.13274
P11032-3,71638_20-22-29-95,50,0.2,1618.74,-80.46482
P11032-3,71638_20-22-29-95,50,0.2,1618.76,-120
P11032-3,71638_20-22-29-95,50,0.2,1618.78,-84.72112
P11032-3,71638_20-22-29-95,50,0.2,1618.8,-82.49877
P11032-3,71638_20-22-29-95,50,0.2,1618.82,-78.24198
P11032-3,71638_20-22-29-95,50,0.2,1618.84,-75.87707
P11032-3,71638_20-22-29-95,50,0.2,1618.86,-120
P11032-3,71638_20-22-29-95,50,0.2,1618.88,-81.41944
P11032-3,71638_20-22-29-95,50,0.2,1618.9,-84.93224
P11032-3,71638_20-22-29-95,50,0.2,1618.92,-86.74484
P11032-3,71638_20-22-29-95,50,0.2,1618.94,-120
P11032-3,71638_20-22-29-95,50,0.2,1618.96,-78.29152
P11032-3,71638_20-22-29-95,50,0.2,1618.98,-120
P11032-3,71638_20-22-29-95,50,0.2,1619,-120
P11032-3,71638_20-22-29-95,50,0.2,1619.02,-86.11189
P11032-3,71638_20-22-29-95,50,0.2,1619.04,-120
P11032-3,71638_20-22-29-95,50,0.2,1619.06,-79.10095
P11032-3,71638_20-22-29-95,50,0.2,1619.08,-79.83803
P11032-3,71638_20-22-29-95,50,0.2,1619.1,-82.32251
P11032-3,71638_20-22-29-95,50,0.2,1619.12,-120
P11032-3,71638_20-22-29-95,50,0.2,1619.14,-78.041
P11032-3,71638_20-22-29-95,50,0.2,1619.16,-78.84722
P11032-3,71638_20-22-29-95,50,0.2,1619.18,-95.87707
P11032-3,71638_20-22-29-95,50,0.2,1619.2,-120
P11032-3,71638_20-22-29-95,50,0.2,1619.22,-120
P11032-3,71638_20-22-29-95,50,0.2,1619.24,-81.35311
P11032-3,71638_20-22-29-95,50,0.2,1619.26,-120
P11032-3,71638_20-22-29-95,50,0.2,1619.28,-80.91569
P11032-3,71638_20-22-29-95,50,0.2,1619.3,-79.91826
P11032-3,71638_20-22-29-95,50,0.2,1619.32,-120
P11032-3,71638_20-22-29-95,50,0.2,1619.34,-120
P11032-3,71638_20-22-29-95,50,0.2,1619.36,-77.53994
P11032-3,71638_20-22-29-95,50,0.2,1619.38,-83.75512
P11032-3,71638_20-22-29-95,50,0.2,1619.4,-120
P11032-3,71638_20-22-29-95,50,0.2,1619.42,-120
P11032-3,71638_20-22-29-95,50,0.2,1619.44,-87.36364
P11032-3,71638_20-22-29-95,50,0.2,1619.46,-83.51933
P11032-3,71638_20-22-29-95,50,0.2,1619.48,-120
P11032-3,71638_20-22-29-95,50,0.2,1619.5,-120
P11032-3,71638_20-22-29-95,50,0.2,1619.52,-79.99132
P11032-3,71638_20-22-29-95,50,0.2,1619.54,-80.46675
P11032-3,71638_20-22-29-95,50,0.2,1619.56,-120
P11032-3,71638_20-22-29-95,50,0.2,1619.58,-120
P11032-3,71638_20-22-29-95,50,0.2,1619.6,-120
P11032-3,71638_20-22-29-95,50,0.2,1619.62,-120
P11032-3,71638_20-22-29-95,50,0.2,1619.64,-82.74007
P11032-3,71638_20-22-29-95,50,0.2,1619.66,-120
P11032-3,71638_20-22-29-95,50,0.2,1619.68,-120
P11032-3,71638_20-22-29-95,50,0.2,1619.7,-120
P11032-3,71638_20-22-29-95,50,0.2,1619.72,-80.846
P11032-3,71638_20-22-29-95,50,0.2,1619.74,-77.65989
P11032-3,71638_20-22-29-95,50,0.2,1619.76,-120
P11032-3,71638_20-22-29-95,50,0.2,1619.78,-81.65961
P11032-3,71638_20-22-29-95,50,0.2,1619.8,-80.24017
P11032-3,71638_20-22-29-95,50,0.2,1619.82,-79.99132
P11032-3,71638_20-22-29-95,50,0.2,1619.84,-120
P11032-3,71638_20-22-29-95,50,0.2,1619.86,-77.92096
P11032-3,71638_20-22-29-95,50,0.2,1619.88,-120
P11032-3,71638_20-22-29-95,50,0.2,1619.9,-89.36667
P11032-3,71638_20-22-29-95,50,0.2,1619.92,-120
P11032-3,71638_20-22-29-95,50,0.2,1619.94,-80.27473
P11032-3,71638_20-22-29-95,50,0.2,1619.96,-81.64309
P11032-3,71638_20-22-29-95,50,0.2,1619.98,-120
P11032-3,71638_20-22-29-95,50,0.2,1620,-120
P11032-3,71638_20-22-29-95,50,0.2,1620.02,-74.35689
P11032-3,71638_20-22-29-95,50,0.2,1620.04,-120
P11032-3,71638_20-22-29-95,50,0.2,1620.06,-88.84389
P11032-3,71638_20-22-29-95,50,0.2,1620.08,-76.23606
P11032-3,71638_20-22-29-95,50,0.2,1620.1,-120
P11032-3,71638_20-22-29-95,50,0.2,1620.12,-84.51611
P11032-3,71638_20-22-29-95,50,0.2,1620.14,-120
P11032-3,71638_20-22-29-95,50,0.2,1620.16,-120
P11032-3,71638_20-22-29-95,50,0.2,1620.18,-81.03253
P11032-3,71638_20-22-29-95,50,0.2,1620.2,-80.40768
P11032-3,71638_20-22-29-95,50,0.2,1620.22,-120
P11032-3,71638_20-22-29-95,50,0.2,1620.24,-79.79225
P11032-3,71638_20-22-29-95,50,0.2,1620.26,-84.81354
P11032-3,71638_20-22-29-95,50,0.2,1620.28,-85.04733
P11032-3,71638_20-22-29-95,50,0.2,1620.3,-77.41602
P11032-3,71638_20-22-29-95,50,0.2,1620.32,-79.06929
P11032-3,71638_20-22-29-95,50,0.2,1620.34,-120
P11032-3,71638_20-22-29-95,50,0.2,1620.36,-78.95172
P11032-3,71638_20-22-29-95,50,0.2,1620.38,-82.54847
P11032-3,71638_20-22-29-95,50,0.2,1620.4,-74.51242
P11032-3,71638_20-22-29-95,50,0.2,1620.42,-120
P11032-3,71638_20-22-29-95,50,0.2,1620.44,-84.77686
P11032-3,71638_20-22-29-95,50,0.2,1620.46,-80.10283
P11032-3,71638_20-22-29-95,50,0.2,1620.48,-78.97909
P11032-3,71638_20-22-29-95,50,0.2,1620.5,-120
P11032-3,71638_20-22-29-95,50,0.2,1620.52,-103.0698
P11032-3,71638_20-22-29-95,50,0.2,1620.54,-120
P11032-3,71638_20-22-29-95,50,0.2,1620.56,-120
P11032-3,71638_20-22-29-95,50,0.2,1620.58,-79.53895
P11032-3,71638_20-22-29-95,50,0.2,1620.6,-86.94004
P11032-3,71638_20-22-29-95,50,0.2,1620.62,-120
P11032-3,71638_20-22-29-95,50,0.2,1620.64,-120
P11032-3,71638_20-22-29-95,50,0.2,1620.66,-87.07301
P11032-3,71638_20-22-29-95,50,0.2,1620.68,-120
P11032-3,71638_20-22-29-95,50,0.2,1620.7,-75.6591
P11032-3,71638_20-22-29-95,50,0.2,1620.72,-120
P11032-3,71638_20-22-29-95,50,0.2,1620.74,-78.72247
P11032-3,71638_20-22-29-95,50,0.2,1620.76,-76.2764
P11032-3,71638_20-22-29-95,50,0.2,1620.78,-86.83401
P11032-3,71638_20-22-29-95,50,0.2,1620.8,-120
P11032-3,71638_20-22-29-95,50,0.2,1620.82,-78.46185
P11032-3,71638_20-22-29-95,50,0.2,1620.84,-80.97345
P11032-3,71638_20-22-29-95,50,0.2,1620.86,-120
P11032-3,71638_20-22-29-95,50,0.2,1620.88,-78.471
P11032-3,71638_20-22-29-95,50,0.2,1620.9,-120
P11032-3,71638_20-22-29-95,50,0.2,1620.92,-76.4321
P11032-3,71638_20-22-29-95,50,0.2,1620.94,-120
P11032-3,71638_20-22-29-95,50,0.2,1620.96,-120
P11032-3,71638_20-22-29-95,50,0.2,1620.98,-120
P11032-3,71638_20-22-29-95,50,0.2,1621,-120
P11032-3,71638_20-22-29-95,50,0.2,1621.02,-80.39767
P11032-3,71638_20-22-29-95,50,0.2,1621.04,-81.91047
P11032-3,71638_20-22-29-95,50,0.2,1621.06,-78.27689
P11032-3,71638_20-22-29-95,50,0.2,1621.08,-77.11974
P11032-3,71638_20-22-29-95,50,0.2,1621.1,-81.70632
P11032-3,71638_20-22-29-95,50,0.2,1621.12,-120
P11032-3,71638_20-22-29-95,50,0.2,1621.14,-84.62307
P11032-3,71638_20-22-29-95,50,0.2,1621.16,-78.04654
P11032-3,71638_20-22-29-95,50,0.2,1621.18,-79.57818
P11032-3,71638_20-22-29-95,50,0.2,1621.2,-120
P11032-3,71638_20-22-29-95,50,0.2,1621.22,-120
P11032-3,71638_20-22-29-95,50,0.2,1621.24,-120
P11032-3,71638_20-22-29-95,50,0.2,1621.26,-120
P11032-3,71638_20-22-29-95,50,0.2,1621.28,-79.60189
P11032-3,71638_20-22-29-95,50,0.2,1621.3,-120
P11032-3,71638_20-22-29-95,50,0.2,1621.32,-79.94819
P11032-3,71638_20-22-29-95,50,0.2,1621.34,-120
P11032-3,71638_20-22-29-95,50,0.2,1621.36,-120
P11032-3,71638_20-22-29-95,50,0.2,1621.38,-120
P11032-3,71638_20-22-29-95,50,0.2,1621.4,-120
P11032-3,71638_20-22-29-95,50,0.2,1621.42,-87.61201
P11032-3,71638_20-22-29-95,50,0.2,1621.44,-86.4474
P11032-3,71638_20-22-29-95,50,0.2,1621.46,-79.6377
P11032-3,71638_20-22-29-95,50,0.2,1621.48,-120
P11032-3,71638_20-22-29-95,50,0.2,1621.5,-120
P11032-3,71638_20-22-29-95,50,0.2,1621.52,-109.0728
P11032-3,71638_20-22-29-95,50,0.2,1621.54,-120
P11032-3,71638_20-22-29-95,50,0.2,1621.56,-120
P11032-3,71638_20-22-29-95,50,0.2,1621.58,-120
P11032-3,71638_20-22-29-95,50,0.2,1621.6,-78.7517
P11032-3,71638_20-22-29-95,50,0.2,1621.62,-120
P11032-3,71638_20-22-29-95,50,0.2,1621.64,-83.13453
P11032-3,71638_20-22-29-95,50,0.2,1621.66,-86.08007
P11032-3,71638_20-22-29-95,50,0.2,1621.68,-79.469220000000007
P11032-3,71638_20-22-29-95,50,0.2,1621.7,-120
P11032-3,71638_20-22-29-95,50,0.2,1621.72,-120
P11032-3,71638_20-22-29-95,50,0.2,1621.74,-82.18316
P11032-3,71638_20-22-29-95,50,0.2,1621.76,-81.77113
P11032-3,71638_20-22-29-95,50,0.2,1621.78,-81.94499
P11032-3,71638_20-22-29-95,50,0.2,1621.8,-86.86555
P11032-3,71638_20-22-29-95,50,0.2,1621.82,-120
P11032-3,71638_20-22-29-95,50,0.2,1621.84,-85.42875
P11032-3,71638_20-22-29-95,50,0.2,1621.86,-120
P11032-3,71638_20-22-29-95,50,0.2,1621.88,-120
P11032-3,71638_20-22-29-95,50,0.2,1621.9,-84.81618
P11032-3,71638_20-22-29-95,50,0.2,1621.92,-82.10843
P11032-3,71638_20-22-29-95,50,0.2,1621.94,-120
P11032-3,71638_20-22-29-95,50,0.2,1621.96,-120
P11032-3,71638_20-22-29-95,50,0.2,1621.98,-78.14458
P11032-3,71638_20-22-29-95,50,0.2,1622,-120
P11032-3,71638_20-22-29-95,50,0.2,1622.02,-86.16005
P11032-3,71638_20-22-29-95,50,0.2,1622.04,-100.6078
P11032-3,71638_20-22-29-95,50,0.2,1622.06,-77.49336
P11032-3,71638_20-22-29-95,50,0.2,1622.08,-120
P11032-3,71638_20-22-29-95,50,0.2,1622.1,-120
P11032-3,71638_20-22-29-95,50,0.2,1622.12,-120
P11032-3,71638_20-22-29-95,50,0.2,1622.14,-120
P11032-3,71638_20-22-29-95,50,0.2,1622.16,-87.95066
P11032-3,71638_20-22-29-95,50,0.2,1622.18,-120
P11032-3,71638_20-22-29-95,50,0.2,1622.2,-77.32594
P11032-3,71638_20-22-29-95,50,0.2,1622.22,-120
P11032-3,71638_20-22-29-95,50,0.2,1622.24,-86.82773
P11032-3,71638_20-22-29-95,50,0.2,1622.26,-84.59921
P11032-3,71638_20-22-29-95,50,0.2,1622.28,-120
P11032-3,71638_20-22-29-95,50,0.2,1622.3,-120
P11032-3,71638_20-22-29-95,50,0.2,1622.32,-120
P11032-3,71638_20-22-29-95,50,0.2,1622.34,-78.96196
P11032-3,71638_20-22-29-95,50,0.2,1622.36,-120
P11032-3,71638_20-22-29-95,50,0.2,1622.38,-80.75204
P11032-3,71638_20-22-29-95,50,0.2,1622.4,-120
P11032-3,71638_20-22-29-95,50,0.2,1622.42,-120
P11032-3,71638_20-22-29-95,50,0.2,1622.44,-78.38632
P11032-3,71638_20-22-29-95,50,0.2,1622.46,-77.12646
P11032-3,71638_20-22-29-95,50,0.2,1622.48,-101.2697
P11032-3,71638_20-22-29-95,50,0.2,1622.5,-120
P11032-3,71638_20-22-29-95,50,0.2,1622.52,-95.0724
P11032-3,71638_20-22-29-95,50,0.2,1622.54,-77.3471
P11032-3,71638_20-22-29-95,50,0.2,1622.56,-120
P11032-3,71638_20-22-29-95,50,0.2,1622.58,-79.08333
P11032-3,71638_20-22-29-95,50,0.2,1622.6,-76.3865
P11032-3,71638_20-22-29-95,50,0.2,1622.62,-80.09883
P11032-3,71638_20-22-29-95,50,0.2,1622.64,-76.32831
P11032-3,71638_20-22-29-95,50,0.2,1622.66,-120
P11032-3,71638_20-22-29-95,50,0.2,1622.68,-81.31708
P11032-3,71638_20-22-29-95,50,0.2,1622.7,-90.78678
P11032-3,71638_20-22-29-95,50,0.2,1622.72,-79.00319
P11032-3,71638_20-22-29-95,50,0.2,1622.74,-120
P11032-3,71638_20-22-29-95,50,0.2,1622.76,-120
P11032-3,71638_20-22-29-95,50,0.2,1622.78,-120
P11032-3,71638_20-22-29-95,50,0.2,1622.8,-81.24765
P11032-3,71638_20-22-29-95,50,0.2,1622.82,-77.18285
P11032-3,71638_20-22-29-95,50,0.2,1622.84,-120
P11032-3,71638_20-22-29-95,50,0.2,1622.86,-120
P11032-3,71638_20-22-29-95,50,0.2,1622.88,-79.84221
P11032-3,71638_20-22-29-95,50,0.2,1622.9,-84.99626
P11032-3,71638_20-22-29-95,50,0.2,1622.92,-79.27015
P11032-3,71638_20-22-29-95,50,0.2,1622.94,-120
P11032-3,71638_20-22-29-95,50,0.2,1622.96,-82.53055
P11032-3,71638_20-22-29-95,50,0.2,1622.98,-120
P11032-3,71638_20-22-29-95,50,0.2,1623,-120
P11032-3,71638_20-22-29-95,50,0.2,1623.02,-83.96206
P11032-3,71638_20-22-29-95,50,0.2,1623.04,-91.40501
P11032-3,71638_20-22-29-95,50,0.2,1623.06,-120
P11032-3,71638_20-22-29-95,50,0.2,1623.08,-78.23909
P11032-3,71638_20-22-29-95,50,0.2,1623.1,-77.27694
P11032-3,71638_20-22-29-95,50,0.2,1623.12,-120
P11032-3,71638_20-22-29-95,50,0.2,1623.14,-84.2539
P11032-3,71638_20-22-29-95,50,0.2,1623.16,-120
P11032-3,71638_20-22-29-95,50,0.2,1623.18,-78.85056
P11032-3,71638_20-22-29-95,50,0.2,1623.2,-120
P11032-3,71638_20-22-29-95,50,0.2,1623.22,-78.73869
P11032-3,71638_20-22-29-95,50,0.2,1623.24,-79.6417
P11032-3,71638_20-22-29-95,50,0.2,1623.26,-83.4218
P11032-3,71638_20-22-29-95,50,0.2,1623.28,-120
P11032-3,71638_20-22-29-95,50,0.2,1623.3,-120
P11032-3,71638_20-22-29-95,50,0.2,1623.32,-120
P11032-3,71638_20-22-29-95,50,0.2,1623.34,-120
P11032-3,71638_20-22-29-95,50,0.2,1623.36,-79.41195
P11032-3,71638_20-22-29-95,50,0.2,1623.38,-120
P11032-3,71638_20-22-29-95,50,0.2,1623.4,-80.406720000000007
P11032-3,71638_20-22-29-95,50,0.2,1623.42,-120
P11032-3,71638_20-22-29-95,50,0.2,1623.44,-120
P11032-3,71638_20-22-29-95,50,0.2,1623.46,-120
P11032-3,71638_20-22-29-95,50,0.2,1623.48,-83.80489
P11032-3,71638_20-22-29-95,50,0.2,1623.5,-120
P11032-3,71638_20-22-29-95,50,0.2,1623.52,-120
P11032-3,71638_20-22-29-95,50,0.2,1623.54,-78.19301
P11032-3,71638_20-22-29-95,50,0.2,1623.56,-120
P11032-3,71638_20-22-29-95,50,0.2,1623.58,-79.01356
P11032-3,71638_20-22-29-95,50,0.2,1623.6,-83.21482
P11032-3,71638_20-22-29-95,50,0.2,1623.62,-120
P11032-3,71638_20-22-29-95,50,0.2,1623.64,-92.59006
P11032-3,71638_20-22-29-95,50,0.2,1623.66,-78.31797
P11032-3,71638_20-22-29-95,50,0.2,1623.68,-77.60701
P11032-3,71638_20-22-29-95,50,0.2,1623.7,-120
P11032-3,71638_20-22-29-95,50,0.2,1623.72,-120
P11032-3,71638_20-22-29-95,50,0.2,1623.74,-78.78769
P11032-3,71638_20-22-29-95,50,0.2,1623.76,-75.54707
P11032-3,71638_20-22-29-95,50,0.2,1623.78,-120
P11032-3,71638_20-22-29-95,50,0.2,1623.8,-120
P11032-3,71638_20-22-29-95,50,0.2,1623.82,-81.63233
P11032-3,71638_20-22-29-95,50,0.2,1623.84,-120
P11032-3,71638_20-22-29-95,50,0.2,1623.86,-79.40058
P11032-3,71638_20-22-29-95,50,0.2,1623.88,-120
P11032-3,71638_20-22-29-95,50,0.2,1623.9,-86.49171
P11032-3,71638_20-22-29-95,50,0.2,1623.92,-78.38932
P11032-3,71638_20-22-29-95,50,0.2,1623.94,-89.29224
P11032-3,71638_20-22-29-95,50,0.2,1623.96,-120
P11032-3,71638_20-22-29-95,50,0.2,1623.98,-120
P11032-3,71638_20-22-29-95,50,0.2,1624,-75.80871
P11032-3,71638_20-22-29-95,50,0.2,1624.02,-80.77482
P11032-3,71638_20-22-29-95,50,0.2,1624.04,-120
P11032-3,71638_20-22-29-95,50,0.2,1624.06,-78.72895
P11032-3,71638_20-22-29-95,50,0.2,1624.08,-120
P11032-3,71638_20-22-29-95,50,0.2,1624.1,-81.79011
P11032-3,71638_20-22-29-95,50,0.2,1624.12,-120
P11032-3,71638_20-22-29-95,50,0.2,1624.14,-120
P11032-3,71638_20-22-29-95,50,0.2,1624.16,-120
P11032-3,71638_20-22-29-95,50,0.2,1624.18,-120
P11032-3,71638_20-22-29-95,50,0.2,1624.2,-120
P11032-3,71638_20-22-29-95,50,0.2,1624.22,-120
P11032-3,71638_20-22-29-95,50,0.2,1624.24,-120
P11032-3,71638_20-22-29-95,50,0.2,1624.26,-99.01356
P11032-3,71638_20-22-29-95,50,0.2,1624.28,-120
P11032-3,71638_20-22-29-95,50,0.2,1624.3,-79.15781
P11032-3,71638_20-22-29-95,50,0.2,1624.32,-120
P11032-3,71638_20-22-29-95,50,0.2,1624.34,-78.64867
P11032-3,71638_20-22-29-95,50,0.2,1624.36,-120
P11032-3,71638_20-22-29-95,50,0.2,1624.38,-120
P11032-3,71638_20-22-29-95,50,0.2,1624.4,-120
P11032-3,71638_20-22-29-95,50,0.2,1624.42,-92.77284
P11032-3,71638_20-22-29-95,50,0.2,1624.44,-120
P11032-3,71638_20-22-29-95,50,0.2,1624.46,-120
P11032-3,71638_20-22-29-95,50,0.2,1624.48,-77.25611
P11032-3,71638_20-22-29-95,50,0.2,1624.5,-78.42543
P11032-3,71638_20-22-29-95,50,0.2,1624.52,-82.28413
P11032-3,71638_20-22-29-95,50,0.2,1624.54,-120
P11032-3,71638_20-22-29-95,50,0.2,1624.56,-120
P11032-3,71638_20-22-29-95,50,0.2,1624.58,-78.80085
P11032-3,71638_20-22-29-95,50,0.2,1624.6,-120
P11032-3,71638_20-22-29-95,50,0.2,1624.62,-84.48428
P11032-3,71638_20-22-29-95,50,0.2,1624.64,-120
P11032-3,71638_20-22-29-95,50,0.2,1624.66,-120
P11032-3,71638_20-22-29-95,50,0.2,1624.68,-85.40457
P11032-3,71638_20-22-29-95,50,0.2,1624.7,-89.36667
P11032-3,71638_20-22-29-95,50,0.2,1624.72,-78.71924
P11032-3,71638_20-22-29-95,50,0.2,1624.74,-120
P11032-3,71638_20-22-29-95,50,0.2,1624.76,-120
P11032-3,71638_20-22-29-95,50,0.2,1624.78,-120
P11032-3,71638_20-22-29-95,50,0.2,1624.8,-120
P11032-3,71638_20-22-29-95,50,0.2,1624.82,-87.99697
P11032-3,71638_20-22-29-95,50,0.2,1624.84,-90.36448
P11032-3,71638_20-22-29-95,50,0.2,1624.86,-77.71856
P11032-3,71638_20-22-29-95,50,0.2,1624.88,-82.06908
P11032-3,71638_20-22-29-95,50,0.2,1624.9,-120
P11032-3,71638_20-22-29-95,50,0.2,1624.92,-120
P11032-3,71638_20-22-29-95,50,0.2,1624.94,-79.51558
P11032-3,71638_20-22-29-95,50,0.2,1624.96,-80.55517
P11032-3,71638_20-22-29-95,50,0.2,1624.98,-120
P11032-3,71638_20-22-29-95,50,0.2,1625,-77.79369
P11032-3,71638_20-22-29-95,50,0.2,1625.02,-120
P11032-3,71638_20-22-29-95,50,0.2,1625.04,-120
P11032-3,71638_20-22-29-95,50,0.2,1625.06,-120
P11032-3,71638_20-22-29-95,50,0.2,1625.08,-120
P11032-3,71638_20-22-29-95,50,0.2,1625.1,-79.03785
P11032-3,71638_20-22-29-95,50,0.2,1625.12,-120
P11032-3,71638_20-22-29-95,50,0.2,1625.14,-87.65483
P11032-3,71638_20-22-29-95,50,0.2,1625.16,-120
P11032-3,71638_20-22-29-95,50,0.2,1625.18,-85.41211
P11032-3,71638_20-22-29-95,50,0.2,1625.2,-120
P11032-3,71638_20-22-29-95,50,0.2,1625.22,-120
P11032-3,71638_20-22-29-95,50,0.2,1625.24,-82.44811
P11032-3,71638_20-22-29-95,50,0.2,1625.26,-120
P11032-3,71638_20-22-29-95,50,0.2,1625.28,-76.86344
P11032-3,71638_20-22-29-95,50,0.2,1625.3,-83.28087
P11032-3,71638_20-22-29-95,50,0.2,1625.32,-77.30954
P11032-3,71638_20-22-29-95,50,0.2,1625.34,-80.406720000000007
P11032-3,71638_20-22-29-95,50,0.2,1625.36,-120
P11032-3,71638_20-22-29-95,50,0.2,1625.38,-120
P11032-3,71638_20-22-29-95,50,0.2,1625.4,-81.84289
P11032-3,71638_20-22-29-95,50,0.2,1625.42,-120
P11032-3,71638_20-22-29-95,50,0.2,1625.44,-79.8464
P11032-3,71638_20-22-29-95,50,0.2,1625.46,-77.73916
P11032-3,71638_20-22-29-95,50,0.2,1625.48,-120
P11032-3,71638_20-22-29-95,50,0.2,1625.5,-75.76918
P11032-3,71638_20-22-29-95,50,0.2,1625.52,-81.88961
P11032-3,71638_20-22-29-95,50,0.2,1625.54,-120
P11032-3,71638_20-22-29-95,50,0.2,1625.56,-84.8825
P11032-3,71638_20-22-29-95,50,0.2,1625.58,-89.25549
P11032-3,71638_20-22-29-95,50,0.2,1625.6,-82.33587
P11032-3,71638_20-22-29-95,50,0.2,1625.62,-120
P11032-3,71638_20-22-29-95,50,0.2,1625.64,-120
P11032-3,71638_20-22-29-95,50,0.2,1625.66,-120
P11032-3,71638_20-22-29-95,50,0.2,1625.68,-120
P11032-3,71638_20-22-29-95,50,0.2,1625.7,-85.3062
P11032-3,71638_20-22-29-95,50,0.2,1625.72,-120
P11032-3,71638_20-22-29-95,50,0.2,1625.74,-120
P11032-3,71638_20-22-29-95,50,0.2,1625.76,-120
P11032-3,71638_20-22-29-95,50,0.2,1625.78,-120
P11032-3,71638_20-22-29-95,50,0.2,1625.8,-120
P11032-3,71638_20-22-29-95,50,0.2,1625.82,-78.81074
P11032-3,71638_20-22-29-95,50,0.2,1625.84,-81.90777
P11032-3,71638_20-22-29-95,50,0.2,1625.86,-120
P11032-3,71638_20-22-29-95,50,0.2,1625.88,-120
P11032-3,71638_20-22-29-95,50,0.2,1625.9,-80.38959
P11032-3,71638_20-22-29-95,50,0.2,1625.92,-84.30626
P11032-3,71638_20-22-29-95,50,0.2,1625.94,-77.79108
P11032-3,71638_20-22-29-95,50,0.2,1625.96,-76.90796
P11032-3,71638_20-22-29-95,50,0.2,1625.98,-120
P11032-3,71638_20-22-29-95,50,0.2,1626,-89.06228
P11032-3,71638_20-22-29-95,50,0.2,1626.02,-120
P11032-3,71638_20-22-29-95,50,0.2,1626.04,-120
P11032-3,71638_20-22-29-95,50,0.2,1626.06,-120
P11032-3,71638_20-22-29-95,50,0.2,1626.08,-83.6947
P11032-3,71638_20-22-29-95,50,0.2,1626.1,-85.83359
P11032-3,71638_20-22-29-95,50,0.2,1626.12,-120
P11032-3,71638_20-22-29-95,50,0.2,1626.14,-120
P11032-3,71638_20-22-29-95,50,0.2,1626.16,-120
P11032-3,71638_20-22-29-95,50,0.2,1626.18,-85.33281
P11032-3,71638_20-22-29-95,50,0.2,1626.2,-120
P11032-3,71638_20-22-29-95,50,0.2,1626.22,-82.12752
P11032-3,71638_20-22-29-95,50,0.2,1626.24,-120
P11032-3,71638_20-22-29-95,50,0.2,1626.26,-77.77024
P11032-3,71638_20-22-29-95,50,0.2,1626.28,-120
P11032-3,71638_20-22-29-95,50,0.2,1626.3,-120
P11032-3,71638_20-22-29-95,50,0.2,1626.32,-120
P11032-3,71638_20-22-29-95,50,0.2,1626.34,-81.6877
P11032-3,71638_20-22-29-95,50,0.2,1626.36,-120
P11032-3,71638_20-22-29-95,50,0.2,1626.38,-120
P11032-3,71638_20-22-29-95,50,0.2,1626.4,-120
P11032-3,71638_20-22-29-95,50,0.2,1626.42,-120
P11032-3,71638_20-22-29-95,50,0.2,1626.44,-120
P11032-3,71638_20-22-29-95,50,0.2,1626.46,-85.09059
P11032-3,71638_20-22-29-95,50,0.2,1626.48,-120
P11032-3,71638_20-22-29-95,50,0.2,1626.5,-90.39006
P11032-3,71638_20-22-29-95,50,0.2,1626.52,-86.45892
P11032-3,71638_20-22-29-95,50,0.2,1626.54,-120
P11032-3,71638_20-22-29-95,50,0.2,1626.56,-80.59384
P11032-3,71638_20-22-29-95,50,0.2,1626.58,-84.0749
P11032-3,71638_20-22-29-95,50,0.2,1626.6,-120
P11032-3,71638_20-22-29-95,50,0.2,1626.62,-80.15698
P11032-3,71638_20-22-29-95,50,0.2,1626.64,-120
P11032-3,71638_20-22-29-95,50,0.2,1626.66,-78.87395
P11032-3,71638_20-22-29-95,50,0.2,1626.68,-120
P11032-3,71638_20-22-29-95,50,0.2,1626.7,-76.33017
P11032-3,71638_20-22-29-95,50,0.2,1626.72,-120
P11032-3,71638_20-22-29-95,50,0.2,1626.74,-120
P11032-3,71638_20-22-29-95,50,0.2,1626.76,-81.90575
P11032-3,71638_20-22-29-95,50,0.2,1626.78,-120
P11032-3,71638_20-22-29-95,50,0.2,1626.8,-90.96259
P11032-3,71638_20-22-29-95,50,0.2,1626.82,-89.56245
P11032-3,71638_20-22-29-95,50,0.2,1626.84,-78.55426
P11032-3,71638_20-22-29-95,50,0.2,1626.86,-120
P11032-3,71638_20-22-29-95,50,0.2,1626.88,-120
P11032-3,71638_20-22-29-95,50,0.2,1626.9,-120
P11032-3,71638_20-22-29-95,50,0.2,1626.92,-120
P11032-3,71638_20-22-29-95,50,0.2,1626.94,-79.53505
P11032-3,71638_20-22-29-95,50,0.2,1626.96,-120
P11032-3,71638_20-22-29-95,50,0.2,1626.98,-120
P11032-3,71638_20-22-29-95,50,0.2,1627,-120
